0 3.14007964724 0.372560404739 -0.17907913091 3.33523095748 0.0756465298731 0.29490993586
1 3.91719234841 -0.485858854173 0.563253981044 3.28182640682 0.0646350637724 0.284820218543
2 2.55917275655 0.094662483567 0.563611992113 3.22970961721 0.053919262418 0.274986661936
3 3.58527409003 0.0194764521862 0.502694775338 3.17888058865 0.0434991258097 0.26540926604
4 2.58774159858 -0.357213496481 0.401849031805 3.12933932113 0.0333746539477 0.256088030854
5 3.02726532497 0.471060752839 -0.104794196485 3.08108581466 0.0235458468318 0.247022956378
6 2.7537228961 0.263331487176 -0.187738062765 3.03412006923 0.0140127044621 0.238214042612
7 3.95712860252 -0.469760053745 0.358779138928 2.98844208486 0.00477522683866 0.229661289556
8 3.31215192684 -0.201499842395 0.347481913385 2.94405186152 -0.00416658603862 0.221364697211
9 3.85966861858 -0.157894307539 0.327487753689 2.90094939924 -0.0128127341697 0.213324265576
10 0.874810716984 -0.342578166078 0.292393036034 2.859134698 -0.0211632175546 0.205539994651
11 3.33100878375 0.591827491871 -0.103000451647 2.81860775781 -0.0292180361933 0.198011884436
12 3.3941901755 0.545553570266 -0.11990235732 2.77936857866 -0.0369771900857 0.190739934931
13 0.531996372415 -0.936302767242 0.243093823952 2.74141716056 -0.044440679232 0.183724146137
14 3.94915013431 -0.143951530179 0.578762902363 2.70475350351 -0.0516085036321 0.176964518053
15 3.78750587361 0.100489896855 0.530099191286 2.66937760751 -0.058480663286 0.170461050679
16 2.73899063938 -0.39404922827 0.434808999074 2.63528947255 -0.0650571581937 0.164213744015
17 0.406457558647 0.171434580226 -0.125494905163 2.60248909863 -0.0713379883552 0.158222598062
18 2.1123592291 0.653141989901 -0.0712081969017 2.57097648577 -0.0773231537705 0.152487612818
19 2.75436099694 0.584132153715 -0.0861936583293 2.54075163395 -0.0830126544396 0.147008788285
20 0.450553627992 -0.273150273088 -0.175052888116 2.51181454318 -0.0884064903625 0.141786124462
21 3.96142537097 0.0992634223608 0.424798824527 2.48416521345 -0.0935046615393 0.13681962135
22 4.04464639563 -0.158492856515 0.260091074979 2.45780364477 -0.0983071679698 0.132109278947
23 3.86646448806 -0.108721573407 0.0121988229639 2.43272983714 -0.102814009654 0.127655097255
24 0.430897359211 -0.209535793156 0.126377850226 2.40894379055 -0.107025186592 0.123457076273
25 2.62949198388 0.122971354262 0.135119244778 2.38644550501 -0.110940698784 0.119515216001
26 2.95199994774 0.625804893944 -0.112373727301 2.36523498052 -0.11456054623 0.115829516439
27 3.34329772393 0.368286482799 -0.0993010619967 2.34531221707 -0.117884728929 0.112399977588
28 2.82561773822 -0.212428227873 0.555012089999 2.32667721467 -0.120913246883 0.109226599447
29 3.85063058723 0.0663314148187 0.488826101047 2.30932997331 -0.12364610009 0.106309382016
30 1.54460232218 -0.381607346242 0.375822158517 2.29327049301 -0.126083288551 0.103648325295
31 1.1930847128 -0.610531529909 -0.135411444238 2.27849877375 -0.128224812266 0.101243429285
32 3.21847379374 -0.0386586061288 -0.136449158399 2.26501481553 -0.130070671234 0.0990946939842
33 2.76042643319 0.0640616514327 -0.28820355041 2.25281861836 -0.131620865456 0.0972021193941
34 1.04122579003 -0.532120959756 0.424722095382 2.24191018224 -0.132875394933 0.0955657055141
35 0.0929856923316 -0.540778233364 0.21702165782 2.23228950717 -0.133834259663 0.0941854523444
36 2.82857758581 -0.735956428062 0.0535167345595 2.22395659314 -0.134497459646 0.0930613598849
37 2.89513491464 -0.686606271636 0.42235753189 2.21691144016 -0.134864994884 0.0921934281357
38 3.33492510099 -0.733799859496 -0.117955582113 2.21115404822 -0.134936865375 0.0915816570966
39 2.66654801294 0.0167574677292 -0.114172893328 2.20668441734 -0.13471307112 0.0912260467677
40 0.348169826973 -0.428533042913 -0.135640665906 2.20350254749 -0.134193612119 0.0911265971491
41 0.61189160614 -0.51289227292 0.581862664389 2.2016084387 -0.133378488372 0.0912833082406
42 2.37445394486 -0.293405332523 0.277660087931 2.20100209095 -0.132267699879 0.0916961800424
43 2.90896673133 -0.255102758759 0.165243753478 2.20168350425 -0.130861246639 0.0923652125544
44 2.70684645543 0.514689865382 -0.0984904479017 2.20365267859 -0.129159128653 0.0932904057766
45 3.29662210917 0.608132026889 -0.193211435674 2.20690961398 -0.127161345921 0.094471759709
46 0.197072770476 -0.505578652521 -0.15715438263 2.21145431042 -0.124867898443 0.0959092743516
47 0.800884850935 0.419461824642 -0.226778973778 2.21728676791 -0.122278786219 0.0976029497044
48 3.55250189594 0.369621684582 -0.2670181334 2.22440698644 -0.119394009248 0.0995527857675
49 1.84602462297 -0.444537265203 0.522085541121 2.23281496601 -0.116213567531 0.101758782541
50 3.66892785152 -0.015935737862 0.558156472065 2.24251070664 -0.112737461068 0.104220940024
