1 12442U 81041A   07356.67197208 -.00000009 +00000-0 +63720-5 0  9991
2 12442 074.0539 067.9202 0009991 168.4101 191.7278 14.31521972389716
1 12442U 81041A   07357.37081017 -.00000016  00000-0  38473-5 0  9994
2 12442 074.0542 066.6483 0009994 166.9838 193.1566 14.31521912389811
1 12442U 81041A   07358.48895108 -.00000002  00000-0  88934-5 0  9993
2 12442 074.0544 064.6133 0009957 164.7508 195.3953 14.31522087389977
1 12442U 81041A   07358.69860230 +.00000006 +00000-0 +11974-4 0  9996
2 12442 074.0543 064.2317 0009974 164.2623 195.8849 14.31522192390000
1 12442U 81041A   07359.53720726  .00000008  00000-0  12880-4 0  9994
2 12442 074.0547 062.7054 0009988 162.5983 197.5507 14.31522317390122
1 12442U 81041A   07359.67697494 +.00000011 +00000-0 +13909-4 0  9991
2 12442 074.0542 062.4505 0009961 162.3065 197.8437 14.31522338390145
1 12442U 81041A   07360.65534772 +.00000003 +00000-0 +10752-4 0  9994
2 12442 074.0540 060.6694 0009902 160.3535 199.7994 14.31522337390280
1 12442U 81041A   07361.63372073 +.00000003 +00000-0 +10892-4 0  9992
2 12442 074.0540 058.8884 0009878 158.3496 201.8073 14.31522380390422
1 12442U 81041A   07362.12290719  .00000007  00000-0  12268-4 0  9996
2 12442 074.0540 057.9981 0009871 157.3398 202.8193 14.31522446390497
1 12442U 81041A   07362.68197722 +.00000023 +00000-0 +18440-4 0  9993
2 12442 074.0540 056.9804 0009862 156.2159 203.9454 14.31522623390571
1 12442U 81041A   07363.45069846  .00000042  00000-0  25482-4 0  9999
2 12442 074.0543 055.5814 0009860 154.6803 205.4843 14.31522894390687
1 12442U 81041A   07363.66034951 +.00000045 +00000-0 +26572-4 0  9995
2 12442 074.0540 055.1996 0009864 154.2315 205.9333 14.31522951390716
1 12442U 81041A   07364.63872173 +.00000044 +00000-0 +26349-4 0  9990
2 12442 074.0537 053.4183 0009812 152.1524 208.0151 14.31523086390850
1 12442U 81041A   07365.61709420 +.00000023 +00000-0 +18463-4 0  9998
2 12442 074.0534 051.6371 0009789 150.1973 209.9730 14.31522998390994
1 12442U 81041A   08001.10628053  .00000020  00000-0  17254-4 0  9996
2 12442 074.0534 050.7466 0009796 149.2720 210.9009 14.31523030391064
1 12442U 81041A   08001.59546692 +.00000004 +00000-0 +11193-4 0  9995
2 12442 074.0533 049.8561 0009778 148.1913 211.9825 14.31522873391139
1 12442U 81041A   08002.43407176  .00000013  00000-0  14761-4 0  9996
2 12442 074.0535 048.3297 0009802 146.6558 213.5208 14.31523004391250
1 12442U 81041A   08002.64372304 +.00000012 +00000-0 +14115-4 0  9995
2 12442 074.0533 047.9481 0009772 146.1027 214.0748 14.31523000391284
1 12442U 81041A   08004.18116518  .00000022  00000-0  18009-4 0  9996
2 12442 074.0534 045.1492 0009746 142.9695 217.2142 14.31523256391504
1 12442U 81041A   08004.60046749 +.00000015 +00000-0 +15164-4 0  9992
2 12442 074.0532 044.3856 0009694 141.9083 218.2755 14.31523202391567
1 12442U 81041A   08005.43907199 -.00000001  00000-0  93005-5 0  9996
2 12442 074.0536 042.8590 0009686 140.1560 220.0288 14.31523146391683
1 12442U 81041A   08005.57883976 -.00000006 +00000-0 +74950-5 0  9990
2 12442 074.0533 042.6043 0009649 139.7998 220.3862 14.31523083391703
