1 27642U 03002A   04280.19394444  .00000583  00000-0  60485-4 0  9991
2 27642 094.0009 142.0987 0001300 081.7345 278.4029 14.90878277 94174
1 27642U 03002A   04280.66377610 +.00000691 +00000-0 +71481-4 0  9997
2 27642 094.0009 142.3378 0001193 074.2058 285.9300 14.90879655094243
1 27642U 03002A   04281.20072748  .00000697  00000-0  72091-4 0  9996
2 27642 094.0009 142.6104 0001206 076.3541 283.7820 14.90880447 94321
1 27642U 03002A   04281.67055986 +.00000677 +00000-0 +70109-4 0  9998
2 27642 094.0009 142.8492 0001208 079.2879 280.8479 14.90880944094398
1 27642U 03002A   04282.54310589  .00000609  00000-0  63197-4 0  9992
2 27642 094.0010 143.2925 0001178 077.1357 282.9998 14.90881588 94529
1 27642U 03002A   04282.67734426 +.00000549 +00000-0 +57052-4 0  9992
2 27642 094.0010 143.3608 0001235 083.7662 276.3701 14.90881262094544
1 27642U 03002A   04283.54989050  .00000452  00000-0  47257-4 0  9993
2 27642 094.0012 143.8042 0001176 081.2884 278.8473 14.90881442 94673
1 27642U 03002A   04283.68412865 +.00000416 +00000-0 +43537-4 0  9990
2 27642 094.0012 143.8725 0001219 084.3854 275.7507 14.90881267094691
1 27642U 03002A   04284.55667425  .00000380  00000-0  39863-4 0  9998
2 27642 094.0011 144.3154 0001117 078.5052 281.6297 14.90881706 94829
1 27642U 03002A   04284.69091241 +.00000347 +00000-0 +36576-4 0  9991
2 27642 094.0012 144.3837 0001157 081.2173 278.9182 14.90881542094849
1 27642U 03002A   04285.56345791  .00000314  00000-0  33201-4 0  9996
2 27642 094.0011 144.8268 0001150 081.5245 278.6113 14.90881883 94970
1 27642U 03002A   04285.69769561 +.00000313 +00000-0 +33043-4 0  9998
2 27642 094.0011 144.8950 0001152 080.9961 279.1395 14.90881958094991
1 27642U 03002A   04286.57024117  .00000247  00000-0  26434-4 0  9999
2 27642 094.0011 145.3383 0001332 091.9084 268.2287 14.90881987 95122
1 27642U 03002A   04286.70447943 +.00000214 +00000-0 +23066-4 0  9992
2 27642 094.0012 145.4067 0001376 092.6401 267.4981 14.90881778095144
1 27642U 03002A   04287.57702999 -.00000240  00000-0 -23058-4 0  9995
2 27642 094.0020 145.8504 0001327 095.1019 265.0352 14.90878403 95273
1 27642U 03002A   04287.64414980 -.00000290 +00000-0 -28205-4 0  9997
2 27642 094.0021 145.8847 0001399 096.8118 263.3267 14.90877961095286
1 27642U 03002A   04288.65094068 -.00000716  00000-0 -71419-4 0  9998
2 27642 094.0034 146.3977 0001510 100.0099 260.1277 14.90873772 95430
1 27642U 03002A   04289.65773326 -.00001000  00000-0 -10036-3 0  9994
2 27642 094.0036 146.9093 0001481 101.6790 258.4591 14.90869942 95588
1 27642U 03002A   04290.66452567 -.00001060  00000-0 -10645-3 0  9990
2 27642 094.0033 147.4204 0001442 100.4355 259.7031 14.90867451 95739
1 27642U 03002A   04291.67131777 -.00000972  00000-0 -97466-4 0  9997
2 27642 094.0027 147.9312 0001412 097.6312 262.5075 14.90866105 95885
1 27642U 03002A   04292.67810835 -.00000726  00000-0 -72468-4 0  9999
2 27642 094.0019 148.4419 0001339 093.9101 266.2279 14.90866291 96034
1 27642U 03002A   04293.68489864 -.00000483  00000-0 -47769-4 0  9991
2 27642 094.0011 148.9527 0001402 095.1710 264.9677 14.90866959 96186
1 27642U 03002A   04294.62456753 -.00000140 +00000-0 -12963-4 0  9995
2 27642 094.0002 149.4295 0001434 093.4496 266.6895 14.90868983096327