1 27391U 02012A   04044.72303398 +.00002588 +00000-0 +87752-4 0  9990
2 27391 089.0083 261.9207 0020853 107.1167 253.2451 15.29923068106576
1 27391U 02012A   04045.70415940 +.00003215 +00000-0 +10926-3 0  9992
2 27391 089.0084 261.7900 0020941 103.8040 256.5592 15.29931616106723
1 27391U 02012A   04046.75068988 +.00003245 +00000-0 +11026-3 0  9999
2 27391 089.0092 261.6490 0020941 100.2625 260.1010 15.29938208106882
1 27391U 02012A   04047.73180981 +.00002718 +00000-0 +92161-4 0  9990
2 27391 089.0091 261.5169 0020852 096.7457 263.6135 15.29941349107030
1 27391U 02012A   04048.71292751 +.00002476 +00000-0 +83819-4 0  9999
2 27391 089.0092 261.3870 0020898 093.7562 266.6079 15.29945380107187
1 27391U 02012A   04049.62863291 +.00002612 +00000-0 +88487-4 0  9991
2 27391 089.0091 261.2651 0020969 090.5395 269.8250 15.29950806107321
1 27391U 02012A   04050.67515230 +.00002339 +00000-0 +79106-4 0  9999
2 27391 089.0098 261.1263 0020837 086.3129 274.0504 15.29954356107489
1 27391U 02012A   04051.72166821 +.00001964 +00000-0 +66222-4 0  9992
2 27391 089.0084 260.9863 0020782 082.7284 277.6298 15.29957099107642
1 27391U 02012A   04052.70277538 +.00001842 +00000-0 +62048-4 0  9996
2 27391 089.0082 260.8555 0020772 079.9378 280.4228 15.29960234107794
1 27391U 02012A   04053.88009881 +.00002131 +00000-0 +71958-4 0  9992
2 27391 089.0081 260.6981 0020794 076.3534 284.0071 15.29966237107978
1 27391U 02012A   04054.86119925 +.00001880 +00000-0 +63341-4 0  9999
2 27391 089.0080 260.5669 0020898 072.4265 287.9258 15.29968976108121
1 27391U 02012A   04055.64607867 +.00001667 +00000-0 +56024-4 0  9996
2 27391 089.0061 260.4609 0020918 070.4996 289.8484 15.29970598108243
1 27391U 02012A   04056.82339609 +.00001672 +00000-0 +56159-4 0  9998
2 27391 089.0069 260.3048 0021013 065.7372 294.6094 15.29974589108424
1 27391U 02012A   04057.73908157 +.00002164 +00000-0 +73036-4 0  9999
2 27391 089.0070 260.1822 0020996 062.5206 297.8200 15.29980626108562
1 27391U 02012A   04058.72017080 +.00002229 +00000-0 +75262-4 0  9990
2 27391 089.0069 260.0509 0021003 059.1547 301.1729 15.29984899108719