1 27391U 02012A   03060.77334840 +.00003040 +00000-0 +11090-3 0  9993
2 27391 089.0135 308.4671 0020469 023.4883 336.7396 15.27616490053262
1 27391U 02012A   03061.69044315 +.00003458 +00000-0 +12631-3 0  9995
2 27391 089.0144 308.3457 0020168 020.4815 339.7327 15.27625086053405
1 27391U 02012A   03062.67303974 +.00003752 +00000-0 +13710-3 0  9999
2 27391 089.0147 308.2175 0019980 017.0613 343.1373 15.27634078053559
1 27391U 02012A   03063.65562988 +.00004061 +00000-0 +14847-3 0  9996
2 27391 089.0145 308.0879 0019764 013.8405 346.3426 15.27643907053701
1 27391U 02012A   03064.70371909 +.00004574 +00000-0 +16733-3 0  9999
2 27391 089.0135 307.9489 0019482 009.8367 350.3371 15.27656338053867
1 27391U 02012A   03065.68629435 +.00004935 +00000-0 +18060-3 0  9993
2 27391 089.0130 307.8186 0019319 006.1740 353.9810 15.27667852054017
1 27391U 02012A   03066.93087999 +.00005182 +00000-0 +18965-3 0  9994
2 27391 089.0125 307.6525 0019138 001.3237 358.8063 15.27681937054208
1 27391U 02012A   03067.78243242 +.00005422 +00000-0 +19844-3 0  9997
2 27391 089.0121 307.5397 0018873 358.2608 001.8605 15.27692500054330
1 27391U 02012A   03068.69948301 +.00005498 +00000-0 +20120-3 0  9998
2 27391 089.0119 307.4175 0018698 354.7744 005.3325 15.27702924054472
1 27391U 02012A   03069.68203132 +.00005489 +00000-0 +20082-3 0  9991
2 27391 089.0115 307.2862 0018554 350.9075 009.1840 15.27713447054628
1 27391U 02012A   03070.73007631 +.00005433 +00000-0 +19869-3 0  9995
2 27391 089.0112 307.1465 0018353 346.5921 013.4869 15.27724338054788
1 27391U 02012A   03071.71261028 +.00005432 +00000-0 +19861-3 0  9997
2 27391 089.0110 307.0156 0018171 342.7032 017.3615 15.27735065054939
1 27391U 02012A   03072.69513787 +.00005397 +00000-0 +19730-3 0  9992
2 27391 089.0109 306.8849 0018082 338.8849 021.1652 15.27745455055081
1 27391U 02012A   03073.67765908 +.00005337 +00000-0 +19505-3 0  9999
2 27391 089.0109 306.7546 0017841 335.1501 024.8840 15.27755387055232
1 27391U 02012A   03074.66017680 +.00005045 +00000-0 +18429-3 0  9996
2 27391 089.0105 306.6230 0017723 331.1406 028.8820 15.27763419055389
1 27391U 02012A   03075.70819054 +.00004677 +00000-0 +17074-3 0  9992
2 27391 089.0105 306.4835 0017549 326.7209 033.2909 15.27771074055547