1 27642U 03002A   03079.24314624 -.00000918  00000-0 -92910-4 0  9996
2 27642 094.0045 214.6866 0002221 073.2919 286.8561 14.90454440  9860
1 27642U 03002A   03079.91452335 -.00000566 +00000-0 -56829-4 0  9990
2 27642 094.0040 215.0276 0002288 073.0042 287.1467 14.90456096009962
1 27642U 03002A   03080.45162395 -.00000349  00000-0 -34509-4 0  9995
2 27642 094.0034 215.2997 0002112 058.5718 301.5716 14.90457336 10048
1 27642U 03002A   03080.92158632 -.00000025 +00000-0 -12735-5 0  9995
2 27642 094.0030 215.5387 0002289 069.9591 290.1900 14.90459514010116
1 27642U 03002A   03081.39154730  .00000263  00000-0  28289-4 0  9994
2 27642 094.0024 215.7768 0002098 050.8871 309.2566 14.90461921 10184
1 27642U 03002A   03081.92864591 +.00000533 +00000-0 +56037-4 0  9998
2 27642 094.0019 216.0496 0002235 063.2227 296.9232 14.90464289010267
1 27642U 03002A   03082.39860935  .00000517  00000-0  54351-4 0  9997
2 27642 094.0021 216.2885 0002228 063.3774 296.7680 14.90464655 10334
1 27642U 03002A   03082.93571188 +.00000339 +00000-0 +36060-4 0  9995
2 27642 094.0026 216.5617 0002071 055.4572 304.6848 14.90463828010414
1 27642U 03002A   03083.80850620 -.00000019 +00000-0 -68230-6 0  9996
2 27642 094.0034 217.0056 0002201 067.8342 292.3101 14.90461254010543
1 27642U 03002A   03084.41275179 -.00000274  00000-0 -26775-4 0  9993
2 27642 094.0041 217.3136 0002241 100.3263 259.8211 14.90458218 10638
1 27642U 03002A   03084.88272088 -.00000556 +00000-0 -55811-4 0  9996
2 27642 094.0032 217.5514 0001636 077.9635 282.1708 14.90454965010702
1 27642U 03002A   03085.88979871 -.00000835  00000-0 -84477-4 0  9991
2 27642 094.0034 218.0628 0001683 079.7088 280.4308 14.90450852 10854
1 27642U 03002A   03085.95693732 -.00000844 +00000-0 -85378-4 0  9999
2 27642 094.0034 218.0969 0001678 079.8986 280.2423 14.90450657010864
1 27642U 03002A   03086.89687477 -.00000898 +00000-0 -90939-4 0  9990
2 27642 094.0039 218.5747 0001921 089.2629 270.8817 14.90448462011008
1 27642U 03002A   03087.90394656 -.00000648 +00000-0 -65277-4 0  9997
2 27642 094.0049 219.0876 0002254 095.7168 264.4327 14.90448935011154
1 27642U 03002A   03088.84387721 -.00000170  00000-0 -16090-4 0  9995
2 27642 094.0052 219.5655 0002130 086.3492 273.8085 14.90452108 11294
1 27642U 03002A   03088.91101297 -.00000104 +00000-0 -94051-5 0  9996
2 27642 094.0054 219.5998 0002292 091.3687 268.7830 14.90452624011303
1 27642U 03002A   03089.24670329 -.00000015 +00000-0 -17762-6 0  9996
2 27642 094.0051 219.7698 0002118 082.3460 277.8072 14.90453329011352
1 27642U 03002A   03092.80502291  .00001428  00000-0  14777-3 0  9991
2 27642 094.0051 221.5777 0002118 069.7124 290.7134 14.90475940 11881
1 27642U 03002A   03092.87211105 +.00001210 +00000-0 +12543-3 0  9997
2 27642 094.0050 221.6118 0002048 050.3498 309.7903 14.90473799011898