1 27642U 03002A   03271.79423951  .00005413  00000-0  55633-3 0  9997
2 27642 094.0089 312.4729 0003029 126.3902 233.3991 14.90467550 38549
1 27642U 03002A   03271.86144459 +.00005330 +00000-0 +54785-3 0  9993
2 27642 094.0091 312.5071 0003055 126.2272 233.9238 14.90467948038553
1 27642U 03002A   03272.66709770 +.00003867 +00000-0 +39793-3 0  9990
2 27642 094.0085 312.9158 0002824 119.4471 240.7024 14.90469366038672
1 27642U 03002A   03273.67416379 +.00002339 +00000-0 +24127-3 0  9990
2 27642 094.0081 313.4276 0002780 114.0507 246.0968 14.90468764038821
1 27642U 03002A   03274.68122852 +.00001719 +00000-0 +17763-3 0  9991
2 27642 094.0077 313.9393 0002781 108.6535 251.4992 14.90469828038977
1 27642U 03002A   03275.68829172 +.00001232 +00000-0 +12775-3 0  9999
2 27642 094.0071 314.4507 0002720 103.0799 257.0729 14.90470278039127
1 27642U 03002A   03276.69535351 +.00000960 +00000-0 +99840-4 0  9990
2 27642 094.0065 314.9624 0002735 100.6352 259.5182 14.90470993039279
1 27642U 03002A   03277.63527326 +.00001658 +00000-0 +17136-3 0  9990
2 27642 094.0066 315.4395 0002804 091.1468 269.0080 14.90476896039417
1 27642U 03002A   03280.85784098 +.00003479 +00000-0 +35459-3 0  9990
2 27642 094.0089 317.0792 0003394 107.1210 257.5053 14.90867771039899
1 27642U 03002A   03281.72955731 +.00003978 +00000-0 +40518-3 0  9997
2 27642 094.0083 317.5226 0003241 104.5546 255.6036 14.90876571040029
1 27642U 03002A   03282.13227170  .00003907  00000-0  39798-3 0  9992
2 27642 094.0083 317.7277 0003251 103.2470 256.9119 14.90879486 40080
1 27642U 03002A   03282.66922405 +.00003468 +00000-0 +35338-3 0  9991
2 27642 094.0079 318.0003 0003131 100.7724 259.3854 14.90881717040169
1 27642U 03002A   03283.13905798  .00002867  00000-0  29237-3 0  9993
2 27642 094.0077 318.2397 0003267 101.5601 258.5992 14.90882054 40235
1 27642U 03002A   03283.67601079 +.00002215 +00000-0 +22620-3 0  9993
2 27642 094.0066 318.5115 0003001 098.3473 261.8092 14.90881926040314
1 27642U 03002A   03284.14584448  .00001783  00000-0  18234-3 0  9991
2 27642 094.0064 318.7509 0003164 099.8330 260.3253 14.90881721 40382
1 27642U 03002A   03284.95127266 +.00001297 +00000-0 +13297-3 0  9995
2 27642 094.0060 319.1602 0002952 095.0060 265.1497 14.90881770040500