1 29268U 06031A   11255.12465771  .00000253  00000-0  60689-4 0  9997
2 29268 098.2906 141.0092 0016349 128.4239 231.8437 14.61441807273424
1 29268U 06031A   11255.46698886  .00000303  00000-0  70753-4 0  9998
2 29268 098.2905 141.3525 0016369 127.3660 232.9035 14.61442103273476
1 29268U 06031A   11255.87778572  .00000354  00000-0  81115-4 0  9994
2 29268 098.2903 141.7643 0016355 126.1235 234.1487 14.61442793273536
1 29268U 06031A   11256.08318414  .00000352  00000-0  80777-4 0  9994
2 29268 098.2903 141.9700 0016374 125.5254 234.7480 14.61443000273561
1 29268U 06031A   11256.42551515  .00000360  00000-0  82251-4 0  9991
2 29268 098.2904 142.3133 0016391 124.4229 235.8516 14.61443070273611
1 29268U 06031A   11256.83631182  .00000378  00000-0  85887-4 0  9992
2 29268 098.2902 142.7252 0016403 123.3140 236.9636 14.61443634273676
1 29268U 06031A   11257.17864241  .00000374  00000-0  85095-4 0  9991
2 29268 098.2901 143.0682 0016416 122.2858 237.9938 14.61443928273722
1 29268U 06031A   11257.52097331  .00000417  00000-0  93822-4 0  9993
2 29268 098.2902 143.4114 0016452 121.2486 239.0340 14.61444264273772
1 29268U 06031A   11257.79483749  .00000439  00000-0  98227-4 0  9992
2 29268 098.2899 143.6859 0016466 120.5443 239.7408 14.61444789273814
1 29268U 06031A   11257.93176920 +.00000423 +00000-0 +94955-4 0  9995
2 29268 098.2899 143.8232 0016472 120.1531 240.1306 14.61444875273833
1 29268U 06031A   11258.06870129  .00000431  00000-0  96629-4 0  9991
2 29268 098.2899 143.9603 0016488 119.7478 240.5370 14.61445096273850
1 29268U 06031A   11258.47949796  .00000371  00000-0  84528-4 0  9991
2 29268 098.2900 144.3724 0016503 118.6199 241.6662 14.61444962273912
1 29268U 06031A   11258.82182842  .00000336  00000-0  77405-4 0  9998
2 29268 098.2898 144.7156 0016510 117.5415 242.7474 14.61445156273962
1 29268U 06031A   11259.16415832  .00000301  00000-0  70359-4 0  9997
2 29268 098.2897 145.0585 0016528 116.5846 243.7045 14.61445324274016
1 29268U 06031A   11259.43802258  .00000316  00000-0  73350-4 0  9999
2 29268 098.2897 145.3331 0016550 115.7554 244.5338 14.61445351274058
1 29268U 06031A   11259.78035290  .00000331  00000-0  76382-4 0  9996
2 29268 098.2893 145.6763 0016556 114.8541 245.4394 14.61445834274102
1 29268U 06031A   11260.12268265  .00000336  00000-0  77480-4 0  9991
2 29268 098.2892 146.0194 0016581 113.9086 246.3863 14.61446232274155
1 29268U 06031A   11260.53347888  .00000310  00000-0  72185-4 0  9994
2 29268 098.2892 146.4312 0016589 112.7146 247.5814 14.61446205274219
1 29268U 06031A   11260.80734276 +.00000329 +00000-0 +76050-4 0  9990
2 29268 098.2892 146.7057 0016588 112.0310 248.2676 14.61446632274255
1 29268U 06031A   11261.42353584  .00000363  00000-0  83013-4 0  9993
2 29268 098.2892 147.3232 0016630 110.1499 250.1483 14.61447181274340
1 29268U 06031A   11261.76586556 +.00000381 +00000-0 +86471-4 0  9998
2 29268 098.2890 147.6663 0016619 109.1136 251.1871 14.61447640274399
1 29268U 06031A   11262.17666082  .00000386  00000-0  87549-4 0  9999
2 29268 098.2891 148.0781 0016629 107.9344 252.3678 14.61448096274455
1 29268U 06031A   11262.51899025  .00000501  00000-0  11073-3 0  9999
2 29268 098.2890 148.4210 0016668 106.8634 253.4407 14.61448838274500
1 29268U 06031A   11262.72438761  .00000499  00000-0  11035-3 0  9992
2 29268 098.2887 148.6272 0016676 106.2908 254.0139 14.61449153274536
1 29268U 06031A   11262.86131909 +.00000514 +00000-0 +11343-3 0  9991
2 29268 098.2889 148.7643 0016679 105.8492 254.4552 14.61449393274558
1 29268U 06031A   11263.06671649  .00000551  00000-0  12070-3 0  9993
2 29268 098.2891 148.9705 0016700 105.4508 254.8567 14.61449934274585
1 29268U 06031A   11263.47751083  .00000529  00000-0  11636-3 0  9991
2 29268 098.2887 149.3822 0016657 104.2936 256.0106 14.61450128274645
1 29268U 06031A   11263.88830519 +.00000576 +00000-0 +12577-3 0  9995
2 29268 098.2885 149.7942 0016640 103.0937 257.2117 14.61450930274703
1 29268U 06031A   11264.16216824  .00000515  00000-0  11345-3 0  9999
2 29268 098.2887 150.0688 0016617 102.2362 258.0693 14.61450992274744
1 29268U 06031A   11264.36756560  .00000482  00000-0  10686-3 0  9997
2 29268 098.2888 150.2748 0016665 101.6740 258.6308 14.61450870274777
1 29268U 06031A   11264.70989465  .00000481  00000-0  10660-3 0  9998
2 29268 098.2885 150.6181 0016670 100.6816 259.6268 14.61451332274824
1 29268U 06031A   11264.91529172 +.00000482 +00000-0 +10687-3 0  9996
2 29268 098.2884 150.8237 0016653 100.0070 260.3010 14.61451556274859
1 29268U 06031A   11265.05222316  .00000464  00000-0  10330-3 0  9997
2 29268 098.2887 150.9612 0016666 099.6393 260.6695 14.61451669274874
1 29268U 06031A   11265.25762020  .00000436  00000-0  97682-4 0  9995
2 29268 098.2886 151.1671 0016683 099.0759 261.2320 14.61451681274900
1 29268U 06031A   11265.66841465  .00000474  00000-0  10520-3 0  9998
2 29268 098.2883 151.5788 0016662 097.8242 262.4866 14.61452295274966
1 29268U 06031A   11265.80534571  .00000477  00000-0  10583-3 0  9993
2 29268 098.2883 151.7160 0016673 097.3994 262.9105 14.61452485274987
1 29268U 06031A   11266.21613944  .00000452  00000-0  10087-3 0  9993
2 29268 098.2884 152.1278 0016668 096.2252 264.0847 14.61452866275049
1 29268U 06031A   11266.35307074  .00000418  00000-0  94079-4 0  9998
2 29268 098.2884 152.2650 0016696 095.8145 264.4934 14.61452648275062
1 29268U 06031A   11266.76386495  .00000452  00000-0  10090-3 0  9995
2 29268 098.2883 152.6768 0016689 094.6193 265.6927 14.61453313275129
1 29268U 06031A   11266.90079595 +.00000443 +00000-0 +98981-4 0  9997
2 29268 098.2882 152.8140 0016691 094.2282 266.0825 14.61453403275146
1 29268U 06031A   11267.03772719  .00000450  00000-0  10034-3 0  9990
2 29268 098.2883 152.9513 0016699 093.8557 266.4557 14.61453601275168
1 29268U 06031A   11267.51698686  .00000420  00000-0  94311-4 0  9991
2 29268 098.2886 153.4317 0016701 092.4573 267.8544 14.61453661275231
1 29268U 06031A   11267.72238357  .00000454  00000-0  10117-3 0  9997
2 29268 098.2884 153.6375 0016668 091.9608 268.3525 14.61454149275260
1 29268U 06031A   11267.85931426 +.00000431 +00000-0 +96613-4 0  9999
2 29268 098.2884 153.7746 0016678 091.5221 268.7884 14.61454170275289
1 29268U 06031A   11268.06471108  .00000436  00000-0  97664-4 0  9991
2 29268 098.2885 153.9805 0016681 090.9724 269.3400 14.61454497275310
1 29268U 06031A   11268.47550430  .00000386  00000-0  87484-4 0  9995
2 29268 098.2887 154.3923 0016680 089.8968 270.4132 14.61454443275376
1 29268U 06031A   11268.81783236  .00000369  00000-0  84153-4 0  9996
2 29268 098.2888 154.7353 0016686 088.7638 271.5486 14.61454784275424
1 29268U 06031A   11269.22862523  .00000364  00000-0  83128-4 0  9995
2 29268 098.2888 155.1469 0016693 087.6524 272.6590 14.61455152275481
1 29268U 06031A   11269.50248723  .00000333  00000-0  76765-4 0  9991
2 29268 098.2888 155.4213 0016704 086.8601 273.4485 14.61455015275526
1 29268U 06031A   11269.77634937  .00000377  00000-0  85762-4 0  9991
2 29268 098.2885 155.6959 0016681 086.0539 274.2571 14.61455575275568
