1 37673U 11024A   13001.74853505  .00000428  00000-0  75550-4 0  9996
2 37673 098.0122 011.5654 0001526 107.5603 009.0604 14.72289948 84036
1 37673U 11024A   13002.89340713  .00000429  00000-0  75649-4 0  9995
2 37673 098.0121 012.6935 0001526 106.5608 314.5020 14.72291126 84209
1 37673U 11024A   13004.11074450  .00000523  00000-0  90520-4 0  9994
2 37673 098.0119 013.8931 0001528 106.1593 283.2009 14.72291737 84382
1 37673U 11024A   13005.56001098  .00000598  00000-0  10241-3 0  9995
2 37673 098.0120 015.3215 0001528 106.1787 040.0258 14.72293255 84596
1 37673U 11024A   13006.90317946  .00000591  00000-0  10141-3 0  9998
2 37673 098.0118 016.6451 0001538 105.8150 315.2346 14.72295060 84793
1 37673U 11024A   13008.05954045  .00000674  00000-0  11447-3 0  9995
2 37673 098.0119 017.7845 0001520 104.7387 321.6318 14.72296358 84964
1 37673U 11024A   13009.08002818  .00000641  00000-0  10921-3 0  9991
2 37673 098.0121 018.7901 0001508 105.2349 326.7270 14.72297561 85119
1 37673U 11024A   13010.16572192  .00000772  00000-0  13000-3 0  9995
2 37673 098.0123 019.8598 0001505 102.1003 320.8614 14.72297519 85272
1 37673U 11024A   13011.54066150  .00000730  00000-0  12330-3 0  9999
2 37673 098.0124 021.2148 0001500 102.1503 043.9756 14.72298658 85478
1 37673U 11024A   13012.55378647  .00000652  00000-0  11105-3 0  9990
2 37673 098.0126 022.2132 0001503 103.1994 009.5332 14.72299653 85623
1 37673U 11024A   13013.64584970  .00000526  00000-0  91116-4 0  9990
2 37673 098.0128 023.2893 0001508 102.3728 035.1116 14.72301631 85783
1 37673U 11024A   13014.98899106  .00000539  00000-0  93069-4 0  9991
2 37673 098.0126 024.6131 0001498 101.4604 310.7692 14.72302484 85982
1 37673U 11024A   13016.07333081  .00000350  00000-0  63204-4 0  9997
2 37673 098.0126 025.6818 0001498 103.2430 292.8365 14.72303971 86140
1 37673U 11024A   13017.09179704  .00000407  00000-0  72156-4 0  9999
2 37673 098.0125 026.6856 0001496 102.8125 288.1823 14.72305094 86297
1 37673U 11024A   13018.54072662  .00000377  00000-0  67439-4 0  9999
2 37673 098.0124 028.1137 0001502 103.3546 042.7704 14.72306734 86504
1 37673U 11024A   13019.55345047  .00000286  00000-0  53076-4 0  9992
2 37673 098.0123 029.1118 0001498 103.3709 007.2618 14.72307551 86652
1 37673U 11024A   13020.57968766  .00000237  00000-0  45373-4 0  9992
2 37673 098.0122 030.1231 0001503 103.5064 043.2187 14.72308350 86808
1 37673U 11024A   13021.66488778  .00000267  00000-0  49988-4 0  9992
2 37673 098.0121 031.1925 0001494 102.8920 032.2636 14.72308743 86960
1 37673U 11024A   13022.68312074  .00000222  00000-0  43001-4 0  9991
2 37673 098.0121 032.1959 0001489 103.3787 025.4755 14.72309479 87110
1 37673U 11024A   13024.65541553  .00000201  00000-0  39603-4 0  9996
2 37673 098.0124 034.1395 0001475 102.4287 033.9052 14.72310365 87401
1 37673U 11024A   13026.06305684  .00000199  00000-0  39345-4 0  9995
2 37673 098.0126 035.5268 0001462 102.4249 290.3565 14.72311674 87616
1 37673U 11024A   13027.08227266  .00000188  00000-0  37509-4 0  9995
2 37673 098.0128 036.5313 0001462 102.0298 289.6657 14.72312419 87767
1 37673U 11024A   13028.10141181  .00000263  00000-0  49485-4 0  9990
2 37673 098.0129 037.5357 0001457 100.2053 290.0035 14.72312613 87919
1 37673U 11024A   13029.12048535  .00000345  00000-0  62336-4 0  9993
2 37673 098.0129 038.5401 0001437 101.3979 286.9788 14.72312613 88063
1 37673U 11024A   13030.56996287  .00000269  00000-0  50319-4 0  9992
2 37673 098.0129 039.9687 0001424 101.1350 045.3142 14.72313554 88270
1 37673U 11024A   13031.91308089  .00000279  00000-0  51979-4 0  9993
2 37673 098.0129 041.2925 0001421 099.2997 321.8272 14.72314050 88472
1 37673U 11024A   13033.56021795  .00000302  00000-0  55509-4 0  9992
2 37673 098.0127 042.9161 0001413 100.2691 045.9664 14.72315483 88712
1 37673U 11024A   13034.90326184  .00000337  00000-0  61081-4 0  9991
2 37673 098.0125 044.2397 0001408 099.1924 321.3359 14.72316613 88915
1 37673U 11024A   13036.12767753  .00000290  00000-0  53719-4 0  9995
2 37673 098.0126 045.4465 0001391 100.5766 325.8592 14.72317263 89097
1 37673U 11024A   13037.56996605  .00000275  00000-0  51356-4 0  9992
2 37673 098.0128 046.8680 0001385 101.2007 045.2481 14.72318146 89307
1 37673U 11024A   13038.58951940  .00000271  00000-0  50630-4 0  9998
2 37673 098.0128 047.8728 0001363 100.6386 046.5363 14.72319065 89450
1 37673U 11024A   13039.60914688  .00000259  00000-0  48721-4 0  9994
2 37673 098.0130 048.8778 0001358 101.0687 047.2295 14.72319567 89608
1 37673U 11024A   13040.62160476  .00000274  00000-0  51109-4 0  9997
2 37673 098.0131 049.8757 0001354 101.4503 009.9944 14.72319804 89750
1 37673U 11024A   13041.90333617  .00000299  00000-0  55044-4 0  9997
2 37673 098.0132 051.1389 0001356 100.8265 320.1506 14.72320824 89945
1 37673U 11024A   13043.06126068  .00000282  00000-0  52465-4 0  9992
2 37673 098.0134 052.2803 0001332 101.7274 332.9626 14.72321514 90116
1 37673U 11024A   13044.21224634  .00000272  00000-0  50837-4 0  9998
2 37673 098.0134 053.4148 0001335 102.4055 309.2422 14.72321956 90288
1 37673U 11024A   13045.91300969  .00000272  00000-0  50766-4 0  9993
2 37673 098.0132 055.0913 0001311 101.5814 319.2906 14.72322911 90539
1 37673U 11024A   13047.20455287  .00000283  00000-0  52627-4 0  9991
2 37673 098.0130 056.3645 0001321 100.9413 321.4529 14.72323644 90723
1 37673U 11024A   13048.90902822  .00000367  00000-0  65908-4 0  9990
2 37673 098.0129 058.0447 0001318 100.9582 350.3351 14.72324970 90977
1 37673U 11024A   13050.05964648  .00000321  00000-0  58636-4 0  9993
2 37673 098.0128 059.1790 0001315 100.9797 325.3398 14.72326227 91144
1 37673U 11024A   13051.07263054  .00000342  00000-0  61944-4 0  9998
2 37673 098.0128 060.1775 0001306 101.5688 290.7072 14.72327093 91297
1 37673U 11024A   13052.91298610  .00000284  00000-0  52682-4 0  9992
2 37673 098.0128 061.9914 0001298 103.1529 317.8220 14.72327968 91560
1 37673U 11024A   13054.06299508  .00000180  00000-0  36243-4 0  9997
2 37673 098.0130 063.1250 0001290 103.8624 288.9230 14.72328922 91734
1 37673U 11024A   13055.08219604  .00000205  00000-0  40166-4 0  9996
2 37673 098.0131 064.1296 0001294 104.4001 287.2847 14.72329140 91881
1 37673U 11024A   13056.53100266  .00000213  00000-0  41483-4 0  9992
2 37673 098.0132 065.5576 0001297 105.2799 041.0104 14.72329743 92099
1 37673U 11024A   13057.55039127  .00000242  00000-0  46034-4 0  9991
2 37673 098.0133 066.5624 0001298 105.7541 040.4345 14.72330154 92241
1 37673U 11024A   13058.63526112  .00000266  00000-0  49795-4 0  9999
2 37673 098.0134 067.6320 0001297 106.0444 026.9097 14.72330666 92401
1 37673U 11024A   13059.91289054  .00000298  00000-0  54998-4 0  9998
2 37673 098.0133 068.8915 0001292 106.2036 314.6044 14.72331300 92592
1 37673U 11024A   13061.06292855  .00000381  00000-0  68058-4 0  9995
2 37673 098.0131 070.0251 0001301 106.5683 286.2201 14.72332173 92767
1 37673U 11024A   13062.08212935  .00000321  00000-0  58613-4 0  9999
2 37673 098.0130 071.0299 0001304 107.0100 284.6897 14.72333302 92917
1 37673U 11024A   13063.59914487  .00000332  00000-0  60253-4 0  9992
2 37673 098.0129 072.5255 0001304 107.3913 040.2521 14.72334680 93133
1 37673U 11024A   13064.61881516  .00000356  00000-0  64132-4 0  9998
2 37673 098.0128 073.5307 0001300 107.8884 041.1627 14.72335505 93289
1 37673U 11024A   13065.89341293  .00000403  00000-0  71547-4 0  9993
2 37673 098.0129 074.7872 0001302 108.3070 312.5596 14.72336493 93473
1 37673U 11024A   13066.91280813  .00000413  00000-0  73059-4 0  9998
2 37673 098.0128 075.7920 0001318 109.2683 311.5558 14.72337293 93627
1 37673U 11024A   13068.06284016  .00000446  00000-0  78337-4 0  9995
2 37673 098.0129 076.9256 0001307 109.3758 283.4213 14.72338407 93796
1 37673U 11024A   13069.51384726  .00000432  00000-0  76172-4 0  9995
2 37673 098.0131 078.3560 0001312 109.2434 049.8633 14.72339680 94008
1 37673U 11024A   13070.53082685  .00000462  00000-0  80852-4 0  9991
2 37673 098.0131 079.3585 0001320 110.0224 036.2592 14.72340532 94150
1 37673U 11024A   13071.61870900  .00000487  00000-0  84717-4 0  9997
2 37673 098.0132 080.4310 0001324 110.3101 038.7364 14.72341503 94312
1 37673U 11024A   13072.63506966  .00000485  00000-0  84543-4 0  9993
2 37673 098.0132 081.4330 0001332 110.4756 022.4711 14.72342718 94462
1 37673U 11024A   13073.09336221  .00000506  00000-0  87875-4 0  9994
2 37673 098.0127 081.8841 0001568 110.3709 290.1945 14.72289289 94539
1 37673U 11024A   13077.02754405  .00000612  00000-0  10473-3 0  9996
2 37673 098.0106 085.7610 0001237 086.6392 273.4850 14.72292956 95118
1 37673U 11024A   13078.05948529  .00000398  00000-0  70862-4 0  9992
2 37673 098.0128 086.7802 0001628 110.4902 315.8915 14.72293759 95264
1 37673U 11024A   13079.07248262  .00000533  00000-0  92135-4 0  9990
2 37673 098.0128 087.7788 0001622 109.8234 282.4707 14.72296132 95415
1 37673U 11024A   13080.09167323  .00000444  00000-0  78082-4 0  9998
2 37673 098.0128 088.7835 0001634 109.4747 281.5407 14.72297066 95567
1 37673U 11024A   13081.47551120  .00000412  00000-0  72974-4 0  9992
2 37673 098.0128 090.1476 0001632 108.7590 052.5478 14.72297655 95761
1 37673U 11024A   13082.49235603  .00000349  00000-0  63095-4 0  9993
2 37673 098.0129 091.1500 0001636 108.6497 038.9611 14.72298299 95919
1 37673U 11024A   13083.51299417  .00000320  00000-0  58483-4 0  9994
2 37673 098.0129 092.1561 0001656 109.3171 044.6935 14.72298764 96063
1 37673U 11024A   13084.59918927  .00000309  00000-0  56682-4 0  9993
2 37673 098.0128 093.2270 0001636 107.1839 040.4897 14.72299298 96228
1 37673U 11024A   13085.61887841  .00000276  00000-0  51427-4 0  9992
2 37673 098.0129 094.2321 0001639 106.8036 042.2479 14.72299882 96376
1 37673U 11024A   13087.09175514  .00000309  00000-0  56713-4 0  9993
2 37673 098.0129 095.6840 0001663 108.2871 282.7176 14.72300908 96598
1 37673U 11024A   13088.11087106  .00000331  00000-0  60191-4 0  9996
2 37673 098.0128 096.6886 0001670 108.7192 280.6347 14.72300975 96745
1 37673U 11024A   13089.49596784  .00000385  00000-0  68739-4 0  9990
2 37673 098.0128 098.0541 0001694 110.0771 056.2613 14.72302340 96947
1 37673U 11024A   13090.51393815  .00000481  00000-0  83866-4 0  9990
2 37673 098.0126 099.0575 0001700 109.7319 048.8924 14.72303018 97096
1 37673U 11024A   13091.53103288  .00000545  00000-0  94104-4 0  9994
2 37673 098.0125 100.0604 0001674 107.4384 038.8375 14.72303947 97245
1 37673U 11024A   13092.80428032  .00000597  00000-0  10234-3 0  9990
2 37673 098.0124 101.3157 0001662 105.5001 305.2980 14.72305464 97433
1 37673U 11024A   13093.82405435  .00000571  00000-0  98094-4 0  9998
2 37673 098.0122 102.3209 0001651 104.7820 307.8658 14.72306752 97585
1 37673U 11024A   13095.04969913  .00000533  00000-0  92126-4 0  9998
2 37673 098.0121 103.5292 0001636 104.1791 320.8439 14.72307855 97760
1 37673U 11024A   13096.06303659  .00000565  00000-0  97145-4 0  9991
2 37673 098.0122 104.5280 0001631 104.2149 288.5735 14.72309183 97914
1 37673U 11024A   13097.08225061  .00000596  00000-0  10214-3 0  9999
2 37673 098.0122 105.5327 0001626 103.0493 288.6366 14.72310730 98068
1 37673U 11024A   13098.10139368  .00000690  00000-0  11695-3 0  9996
2 37673 098.0122 106.5373 0001624 102.7310 287.4852 14.72311812 98218
1 37673U 11024A   13099.12046975  .00000685  00000-0  11620-3 0  9992
2 37673 098.0123 107.5419 0001618 102.5341 285.8617 14.72312872 98360
1 37673U 11024A   13100.50463328  .00000819  00000-0  13732-3 0  9997
2 37673 098.0124 108.9065 0001620 101.9422 058.5533 14.72315100 98560
1 37673U 11024A   13101.64231782  .00000707  00000-0  11970-3 0  9998
2 37673 098.0124 110.0280 0001611 101.3231 325.6507 14.72316944 98730
1 37673U 11024A   13102.67436125  .00000694  00000-0  11760-3 0  9992
2 37673 098.0124 111.0452 0001592 100.9186 032.9398 14.72319116 98880
1 37673U 11024A   13104.08404913  .00000504  00000-0  87508-4 0  9993
2 37673 098.0123 112.4349 0001597 103.5862 297.6052 14.72321213 99096
1 37673U 11024A   13105.10364311  .00000414  00000-0  73297-4 0  9994
2 37673 098.0123 113.4400 0001597 104.1741 297.9706 14.72321941 99242
1 37673U 11024A   13106.48287602  .00000390  00000-0  69463-4 0  9996
2 37673 098.0120 114.7994 0001587 103.8169 044.3511 14.72322765 99445
1 37673U 11024A   13107.50471897  .00000335  00000-0  60749-4 0  9998
2 37673 098.0120 115.8070 0001581 102.4717 058.5678 14.72323500 99595
1 37673U 11024A   13109.60909749  .00000295  00000-0  54406-4 0  9991
2 37673 098.0117 117.8816 0001560 100.6469 047.6461 14.72324572 99906
1 37673U 11024A   13111.08222292  .00000409  00000-0  72424-4 0  9994
2 37673 098.0119 119.3336 0001558 101.8111 289.8842 14.72325495100121
1 37673U 11024A   13112.46667971  .00000448  00000-0  78626-4 0  9997
2 37673 098.0119 120.6987 0001557 102.1290 063.2797 14.72326616100320
1 37673U 11024A   13114.63528470  .00000359  00000-0  64542-4 0  9991
2 37673 098.0119 122.8364 0001519 099.1249 033.7793 14.72328615100644
1 37673U 11024A   13115.77535721  .00000352  00000-0  63475-4 0  9991
2 37673 098.0120 123.9600 0001515 098.9329 313.1507 14.72329257100813
1 37673U 11024A   13116.79481936  .00000376  00000-0  67205-4 0  9993
2 37673 098.0120 124.9650 0001502 098.5338 313.8370 14.72329827100965
1 37673U 11024A   13118.08216507  .00000394  00000-0  70106-4 0  9991
2 37673 098.0118 126.2340 0001484 098.6937 292.9958 14.72330948101155
1 37673U 11024A   13119.53095675  .00000467  00000-0  81674-4 0  9996
2 37673 098.0116 127.6625 0001470 099.0680 047.1603 14.72332380101361
1 37673U 11024A   13120.55035367  .00000621  00000-0  10602-3 0  9996
2 37673 098.0115 128.6672 0001457 098.5094 047.6721 14.72333858101515
1 37673U 11024A   13121.56980028  .00000797  00000-0  13378-3 0  9998
2 37673 098.0114 129.6724 0001455 100.3511 046.0517 14.72335987101664
1 37673U 11024A   13125.44447097  .00000548  00000-0  94355-4 0  9992
2 37673 098.0112 133.4918 0001408 100.4189 050.9813 14.72342144102230
1 37673U 11024A   13126.46353366  .00000516  00000-0  89328-4 0  9999
2 37673 098.0112 134.4962 0001400 100.1477 049.4697 14.72343347102384
1 37673U 11024A   13127.48368769  .00000500  00000-0  86765-4 0  9990
2 37673 098.0112 135.5018 0001389 100.5070 053.1140 14.72344609102531
1 37673U 11024A   13128.50448698  .00000486  00000-0  84592-4 0  9993
2 37673 098.0113 136.5079 0001384 100.5717 060.4734 14.72346124102683
1 37673U 11024A   13129.52113328  .00000357  00000-0  64302-4 0  9999
2 37673 098.0113 137.5100 0001379 101.6226 044.8529 14.72347194102833
1 37673U 11024A   13130.67429779  .00000348  00000-0  62758-4 0  9990
2 37673 098.0114 138.6470 0001364 102.1537 032.9306 14.72348350103007
1 37673U 11024A   13132.08193663  .00000394  00000-0  70033-4 0  9993
2 37673 098.0114 140.0343 0001351 100.8012 290.9103 14.72349955103218
1 37673U 11024A   13133.10329961  .00000604  00000-0  10326-3 0  9991
2 37673 098.0114 141.0411 0001338 100.5524 301.5900 14.72350692103365
1 37673U 11024A   13134.12263131  .00000569  00000-0  97755-4 0  9992
2 37673 098.0113 142.0462 0001332 101.3532 300.4643 14.72352040103511
1 37673U 11024A   13135.50425376  .00000526  00000-0  90984-4 0  9996
2 37673 098.0112 143.4082 0001329 101.9462 058.7027 14.72354086103710
1 37673U 11024A   13136.09326924  .00000581  00000-0  99840-4 0  9991
2 37673 098.0109 143.9884 0001660 109.8568 290.6355 14.72284622103802
1 37673U 11024A   13137.11263502  .00000699  00000-0  11846-3 0  9996
2 37673 098.0107 144.9934 0001654 106.3099 293.7960 14.72286651103957
1 37673U 11024A   13138.13239775  .00000669  00000-0  11372-3 0  9995
2 37673 098.0108 145.9985 0001638 105.4449 296.3807 14.72288251104101
1 37673U 11024A   13139.50578627  .00000566  00000-0  97406-4 0  9998
2 37673 098.0108 147.3522 0001645 105.1905 011.5337 14.72291475104305
1 37673U 11024A   13140.66463182  .00000501  00000-0  87065-4 0  9995
2 37673 098.0107 148.4946 0001640 104.5511 030.6412 14.72292757104475
1 37673U 11024A   13141.68268403  .00000467  00000-0  81677-4 0  9991
2 37673 098.0107 149.4981 0001632 104.0905 023.7841 14.72294029104628
1 37673U 11024A   13143.09353309  .00000521  00000-0  90274-4 0  9992
2 37673 098.0108 150.8886 0001637 105.4167 295.8153 14.72295514104830
1 37673U 11024A   13144.11278481  .00000591  00000-0  10126-3 0  9997
2 37673 098.0108 151.8932 0001622 103.4189 296.8600 14.72296966104985
1 37673U 11024A   13145.13249730  .00000520  00000-0  90126-4 0  9996
2 37673 098.0109 152.8983 0001618 103.1452 298.6273 14.72298247105136
1 37673U 11024A   13146.50563844  .00000466  00000-0  81472-4 0  9996
2 37673 098.0110 154.2517 0001618 102.8355 012.5756 14.72300172105337
1 37673U 11024A   13147.52461788  .00000425  00000-0  75040-4 0  9992
2 37673 098.0109 155.2560 0001609 102.5737 010.4608 14.72300951105489
1 37673U 11024A   13148.74474196  .00000379  00000-0  67804-4 0  9991
2 37673 098.0108 156.4586 0001602 103.4666 352.6765 14.72302017105663
1 37673U 11024A   13150.09350203  .00000369  00000-0  66159-4 0  9995
2 37673 098.0107 157.7881 0001599 103.4261 297.2233 14.72303133105866
1 37673U 11024A   13151.11281609  .00000388  00000-0  69234-4 0  9990
2 37673 098.0106 158.7928 0001581 102.6156 297.4390 14.72304112106015
1 37673U 11024A   13152.13257594  .00000356  00000-0  64081-4 0  9999
2 37673 098.0105 159.7980 0001572 102.6369 299.1873 14.72305044106165
1 37673U 11024A   13153.51161744  .00000343  00000-0  62004-4 0  9992
2 37673 098.0104 161.1573 0001567 101.0770 045.6741 14.72307207106365
1 37673U 11024A   13154.66513285  .00000426  00000-0  75134-4 0  9990
2 37673 098.0104 162.2943 0001554 100.7575 036.2953 14.72307680106538
1 37673U 11024A   13155.68288662  .00000179  00000-0  36096-4 0  9990
2 37673 098.0104 163.2974 0001546 101.2323 026.9770 14.72308967106689
1 37673U 11024A   13156.83282980  .00000183  00000-0  36732-4 0  9997
2 37673 098.0104 164.4308 0001547 102.2858 357.3056 14.72309810106853
1 37673U 11024A   13158.47320332  .00000187  00000-0  37356-4 0  9990
2 37673 098.0106 166.0475 0001536 102.7103 046.1367 14.72312130107098
1 37673U 11024A   13159.49482117  .00000166  00000-0  33992-4 0  9992
2 37673 098.0107 167.0544 0001526 101.4638 059.0222 14.72312748107240
1 37673U 11024A   13160.76528818  .00000170  00000-0  34713-4 0  9990
2 37673 098.0108 168.3066 0001511 100.0734 310.2416 14.72313534107432
1 37673U 11024A   13161.66483153  .00000171  00000-0  34815-4 0  9996
2 37673 098.0108 169.1930 0001505 103.5705 031.6467 14.72301317107560
1 37673U 11024A   13162.68286317  .00000200  00000-0  39419-4 0  9990
2 37673 098.0109 170.1965 0001492 103.8933 023.9296 14.72301861107717
1 37673U 11024A   13164.09359161  .00000147  00000-0  30981-4 0  9990
2 37673 098.0109 171.5869 0001493 105.3257 295.2538 14.72302754107920
1 37673U 11024A   13165.11291900  .00000166  00000-0  34005-4 0  9992
2 37673 098.0108 172.5917 0001476 103.9936 296.0602 14.72303155108077
1 37673U 11024A   13166.13267919  .00000162  00000-0  33392-4 0  9992
2 37673 098.0108 173.5969 0001461 102.6295 299.1923 14.72303676108228
1 37673U 11024A   13167.30391666  .00000189  00000-0  37735-4 0  9993
2 37673 098.0107 174.7514 0001467 103.1468 022.8349 14.72304668108393
1 37673U 11024A   13168.46372380  .00000208  00000-0  40654-4 0  9999
2 37673 098.0106 175.8946 0001455 102.7311 046.8660 14.72305791108561
1 37673U 11024A   13172.11298248  .00000270  00000-0  50476-4 0  9998
2 37673 098.0107 179.4915 0001444 104.3663 295.7462 14.72309250109104
1 37673U 11024A   13173.13274361  .00000227  00000-0  43731-4 0  9999
2 37673 098.0108 180.4967 0001432 103.5794 298.3265 14.72310109109258
1 37673U 11024A   13174.51452595  .00000232  00000-0  44458-4 0  9992
2 37673 098.0110 181.8586 0001434 104.1175 057.2544 14.72311947109450
1 37673U 11024A   13175.78517252  .00000305  00000-0  55975-4 0  9991
2 37673 098.0111 183.1110 0001419 102.6413 309.5076 14.72312936109643
1 37673U 11024A   13177.07339802  .00000279  00000-0  51952-4 0  9999
2 37673 098.0112 184.3808 0001415 103.9742 292.0714 14.72313656109832
1 37673U 11024A   13178.09367426  .00000276  00000-0  51495-4 0  9994
2 37673 098.0112 185.3864 0001413 104.0420 296.5419 14.72313908109985
1 37673U 11024A   13179.11300546  .00000210  00000-0  41058-4 0  9990
2 37673 098.0111 186.3912 0001403 104.2252 295.8934 14.72314708110135
1 37673U 11024A   13180.13274412  .00000189  00000-0  37625-4 0  9996
2 37673 098.0111 187.3964 0001396 103.9285 297.8865 14.72315194110287
1 37673U 11024A   13181.15615382  .00000165  00000-0  33952-4 0  9997
2 37673 098.0110 188.4052 0001401 104.7843 318.1753 14.72316373110432
1 37673U 11024A   13182.46377093  .00000192  00000-0  38123-4 0  9991
2 37673 098.0109 189.6941 0001407 106.1081 043.4881 14.72317269110622
1 37673U 11024A   13183.48677237  .00000174  00000-0  35260-4 0  9996
2 37673 098.0109 190.7025 0001397 106.3394 062.2457 14.72317864110770
1 37673U 11024A   13184.50213601  .00000184  00000-0  36858-4 0  9996
2 37673 098.0110 191.7034 0001409 107.2918 039.8237 14.72318426110927
1 37673U 11024A   13187.49251216  .00000167  00000-0  34205-4 0  9996
2 37673 098.0113 194.6508 0001408 107.9142 039.6811 14.72320631111369
1 37673U 11024A   13190.81381101  .00000251  00000-0  47516-4 0  9996
2 37673 098.0116 197.9243 0001408 108.5408 352.5159 14.72323613111855
1 37673U 11024A   13193.79488764  .00000195  00000-0  38611-4 0  9992
2 37673 098.0118 200.8629 0001389 105.7961 306.5362 14.72325903112298
1 37673U 11024A   13196.97918649  .00000195  00000-0  38611-4 0  9995
2 37673 098.0108 203.9983 0001030 077.5218 282.6136 14.72327452112764
1 37673U 11024A   13198.07998317  .00000216  00000-0  41990-4 0  9996
2 37673 098.0116 205.0871 0001422 110.1350 321.1354 14.72330024112926
1 37673U 11024A   13199.09179036  .00000220  00000-0  42635-4 0  9990
2 37673 098.0117 206.0846 0001421 109.0872 281.9184 14.72330721113070
1 37673U 11024A   13200.18589289  .00000213  00000-0  41448-4 0  9991
2 37673 098.0117 207.1631 0001420 109.0589 317.6203 14.72331870113231
1 37673U 11024A   13201.49486873  .00000217  00000-0  42155-4 0  9991
2 37673 098.0119 208.4535 0001425 108.8851 051.6983 14.72332963113429
1 37673U 11024A   13202.64583536  .00000165  00000-0  33932-4 0  9998
2 37673 098.0120 209.5881 0001416 107.4821 030.0043 14.72333646113594
1 37673U 11024A   13204.12291670  .00000238  00000-0  45482-4 0  9992
2 37673 098.0122 211.0440 0001419 109.1025 292.7887 14.72334426113818
1 37673U 11024A   13205.50459940  .00000205  00000-0  40284-4 0  9990
2 37673 098.0124 212.4059 0001454 111.7148 049.2364 14.72335177114017
1 37673U 11024A   13206.85194166  .00000226  00000-0  43549-4 0  9995
2 37673 098.0124 213.7341 0001440 109.5129 348.5948 14.72335520114211
1 37673U 11024A   13208.14186459  .00000244  00000-0  46404-4 0  9998
2 37673 098.0125 215.0057 0001441 109.6230 341.4826 14.72336411114404
1 37673U 11024A   13208.69435703  .00000227  00000-0  43657-4 0  9995
2 37673 098.0116 215.5508 0001569 107.2332 030.4581 14.72293837114483
1 37673U 11024A   13209.77595256  .00000254  00000-0  47971-4 0  9998
2 37673 098.0124 216.6163 0001616 103.2163 003.7521 14.72294354114642
1 37673U 11024A   13210.79367447  .00000304  00000-0  55993-4 0  9990
2 37673 098.0123 217.6197 0001595 102.8747 355.0340 14.72294622114794
1 37673U 11024A   13212.07327524  .00000218  00000-0  42373-4 0  9997
2 37673 098.0123 218.8811 0001659 110.7746 285.2624 14.72295725114983
1 37673U 11024A   13213.09929007  .00000244  00000-0  46483-4 0  9999
2 37673 098.0122 219.8927 0001632 107.7030 323.2043 14.72296207115136
1 37673U 11024A   13214.47324413  .00000252  00000-0  47753-4 0  9992
2 37673 098.0122 221.2471 0001587 103.2018 045.6378 14.72297126115332
1 37673U 11024A   13215.49344087  .00000259  00000-0  48850-4 0  9990
2 37673 098.0123 222.2528 0001578 103.1682 049.7286 14.72297887115486
1 37673U 11024A   13216.51442567  .00000265  00000-0  49758-4 0  9991
2 37673 098.0124 223.2591 0001583 102.9421 058.1884 14.72298574115631
1 37673U 11024A   13217.66487303  .00000285  00000-0  52958-4 0  9993
2 37673 098.0125 224.3931 0001573 102.5821 032.5612 14.72299791115807
1 37673U 11024A   13219.08041383  .00000279  00000-0  51897-4 0  9999
2 37673 098.0128 225.7883 0001594 106.0079 327.3729 14.72300535116015
1 37673U 11024A   13220.09184252  .00000264  00000-0  49555-4 0  9997
2 37673 098.0129 226.7853 0001573 103.5393 287.4655 14.72300692116166
1 37673U 11024A   13221.47572311  .00000223  00000-0  43141-4 0  9997
2 37673 098.0130 228.1495 0001567 102.6813 058.8598 14.72301730116368
1 37673U 11024A   13222.49496080  .00000244  00000-0  46439-4 0  9994
2 37673 098.0130 229.1542 0001569 103.5531 056.9819 14.72302133116511
1 37673U 11024A   13223.50562134  .00000237  00000-0  45232-4 0  9993
2 37673 098.0130 230.1506 0001555 101.7452 012.3512 14.72302798116669
1 37673U 11024A   13224.78519896  .00000271  00000-0  50669-4 0  9999
2 37673 098.0129 231.4121 0001543 101.5011 310.6424 14.72302964116852
1 37673U 11024A   13226.14286365  .00000292  00000-0  54022-4 0  9993
2 37673 098.0128 232.7506 0001538 101.6679 302.1536 14.72304540117052
1 37673U 11024A   13227.45792671  .00000283  00000-0  52533-4 0  9995
2 37673 098.0127 234.0472 0001542 103.0482 066.7933 14.72305368117245
1 37673U 11024A   13228.47627101  .00000194  00000-0  38450-4 0  9996
2 37673 098.0127 235.0511 0001535 103.6487 060.4671 14.72306908117390
1 37673U 11024A   13229.49406078  .00000263  00000-0  49377-4 0  9994
2 37673 098.0127 236.0545 0001524 102.2776 053.1790 14.72307531117543
1 37673U 11024A   13230.77592381  .00000272  00000-0  50807-4 0  9990
2 37673 098.0128 237.3181 0001509 100.8018 004.8258 14.72308613117735
1 37673U 11024A   13231.79524256  .00000323  00000-0  58828-4 0  9997
2 37673 098.0130 238.3230 0001492 100.3495 004.7269 14.72309289117886
1 37673U 11024A   13233.14134066  .00000337  00000-0  61097-4 0  9991
2 37673 098.0133 239.6498 0001480 100.4382 295.0772 14.72310353118083
1 37673U 11024A   13234.23251889  .00000352  00000-0  63425-4 0  9999
2 37673 098.0134 240.7255 0001468 100.4398 315.1787 14.72311817118245
1 37673U 11024A   13235.47577750  .00000365  00000-0  65588-4 0  9990
2 37673 098.0136 241.9511 0001469 103.1103 058.2065 14.72312764118426
1 37673U 11024A   13236.49502147  .00000327  00000-0  59463-4 0  9994
2 37673 098.0136 242.9559 0001460 102.8853 057.4989 14.72314027118574
1 37673U 11024A   13237.51295816  .00000330  00000-0  59958-4 0  9993
2 37673 098.0136 243.9594 0001459 102.7361 049.7952 14.72315113118723
1 37673U 11024A   13238.52488429  .00000348  00000-0  62792-4 0  9998
2 37673 098.0135 244.9570 0001443 101.2656 011.5801 14.72315500118877
1 37673U 11024A   13239.61227015  .00000279  00000-0  51979-4 0  9999
2 37673 098.0134 246.0292 0001431 101.0633 011.8191 14.72316288119038
1 37673U 11024A   13240.63547814  .00000246  00000-0  46742-4 0  9991
2 37673 098.0133 247.0380 0001429 101.7793 031.1820 14.72317695119180
1 37673U 11024A   13241.65151461  .00000269  00000-0  50296-4 0  9997
2 37673 098.0132 248.0397 0001437 104.0025 011.0524 14.72318213119333
1 37673U 11024A   13242.67447847  .00000322  00000-0  58698-4 0  9990
2 37673 098.0131 249.0483 0001417 103.0237 030.8247 14.72318672119487
1 37673U 11024A   13244.08326111  .00000294  00000-0  54317-4 0  9999
2 37673 098.0131 250.4372 0001406 102.7861 293.5977 14.72319921119696
1 37673U 11024A   13245.10386135  .00000268  00000-0  50244-4 0  9991
2 37673 098.0131 251.4432 0001400 102.1078 300.5550 14.72320658119844
1 37673U 11024A   13246.12313043  .00000254  00000-0  47934-4 0  9999
2 37673 098.0132 252.4480 0001393 102.5083 299.3857 14.72321080119991
1 37673U 11024A   13247.49643771  .00000238  00000-0  45431-4 0  9996
2 37673 098.0135 253.8018 0001388 102.7829 013.7395 14.72321965120191
1 37673U 11024A   13248.65562024  .00000241  00000-0  45932-4 0  9996
2 37673 098.0136 254.9444 0001377 102.4141 034.4884 14.72322609120367
1 37673U 11024A   13249.67447596  .00000248  00000-0  46986-4 0  9992
2 37673 098.0138 255.9488 0001361 101.9845 031.9674 14.72323026120516
1 37673U 11024A   13251.08410698  .00000247  00000-0  46896-4 0  9992
2 37673 098.0139 257.3386 0001359 103.9223 297.0825 14.72323867120728
1 37673U 11024A   13252.10372811  .00000249  00000-0  47167-4 0  9994
2 37673 098.0138 258.3437 0001356 103.4251 298.6878 14.72324507120871
1 37673U 11024A   13253.12331001  .00000249  00000-0  47123-4 0  9995
2 37673 098.0138 259.3490 0001347 103.7857 299.2303 14.72324993121023
1 37673U 11024A   13254.14284671  .00000255  00000-0  48054-4 0  9999
2 37673 098.0137 260.3543 0001344 103.9221 299.7573 14.72325798121171
1 37673U 11024A   13255.65547727  .00000269  00000-0  50412-4 0  9996
2 37673 098.0135 261.8456 0001347 104.2595 032.0914 14.72326575121394
1 37673U 11024A   13256.67463844  .00000239  00000-0  45646-4 0  9996
2 37673 098.0134 262.8505 0001337 104.2824 030.7491 14.72327262121549
1 37673U 11024A   13258.01190251  .00000230  00000-0  44110-4 0  9991
2 37673 098.0133 264.1690 0001336 105.3484 273.4151 14.72327870121747
1 37673U 11024A   13259.11331916  .00000270  00000-0  50539-4 0  9994
2 37673 098.0133 265.2547 0001334 105.4772 347.6944 14.72328645121902
1 37673U 11024A   13260.12302645  .00000287  00000-0  53217-4 0  9998
2 37673 098.0134 266.2500 0001330 105.6447 296.1372 14.72329045122055
1 37673U 11024A   13261.50320138  .00000192  00000-0  38213-4 0  9992
2 37673 098.0136 267.6105 0001335 105.3001 047.5292 14.72330109122255
1 37673U 11024A   13263.11297845  .00000209  00000-0  40802-4 0  9995
2 37673 098.0138 269.1974 0001329 105.8882 294.2426 14.72331070122497
1 37673U 11024A   13263.67436579  .00000215  00000-0  41835-4 0  9999
2 37673 098.0133 269.7513 0001758 089.1216 044.7318 14.72306287122577
1 37673U 11024A   13265.01866086  .00000239  00000-0  45637-4 0  9999
2 37673 098.0140 271.0759 0001418 103.9454 310.7861 14.72306535122772
1 37673U 11024A   13266.10368813  .00000227  00000-0  43763-4 0  9990
2 37673 098.0140 272.1455 0001414 103.7779 298.4602 14.72307572122936
1 37673U 11024A   13268.08421853  .00000294  00000-0  54264-4 0  9995
2 37673 098.0139 274.0982 0001400 103.4750 349.8573 14.72309380123221
1 37673U 11024A   13269.09370000  .00000311  00000-0  57073-4 0  9995
2 37673 098.0137 275.0934 0001401 103.7090 296.9652 14.72309854123370
1 37673U 11024A   13270.47572657  .00000347  00000-0  62741-4 0  9998
2 37673 098.0136 276.4560 0001397 103.9728 057.4638 14.72310939123575
1 37673U 11024A   13271.49496322  .00000351  00000-0  63324-4 0  9998
2 37673 098.0134 277.4609 0001391 103.9631 056.4956 14.72311642123726
1 37673U 11024A   13271.62176135  .00000347  00000-0  62738-4 0  9993
2 37673 098.0134 277.5861 0001425 108.9900 003.1150 14.72281636123745
1 37673U 11024A   13272.64598410  .00000321  00000-0  58578-4 0  9999
2 37673 098.0131 278.5955 0001532 103.9559 033.4800 14.72284239123897
1 37673U 11024A   13273.66498757  .00000309  00000-0  56683-4 0  9996
2 37673 098.0131 279.6000 0001518 103.4546 031.6706 14.72284887124047
1 37673U 11024A   13274.68329609  .00000278  00000-0  51792-4 0  9999
2 37673 098.0132 280.6037 0001460 105.9599 023.1746 14.72285864124193
1 37673U 11024A   13276.65565558  .00000269  00000-0  50413-4 0  9992
2 37673 098.0135 282.5477 0001487 104.0772 032.7152 14.72288239124485
1 37673U 11024A   13278.13292877  .00000277  00000-0  51728-4 0  9997
2 37673 098.0136 284.0037 0001485 102.2735 299.6977 14.72288661124705
1 37673U 11024A   13279.64612275  .00000291  00000-0  53945-4 0  9991
2 37673 098.0138 285.4953 0001486 102.1607 035.2655 14.72289914124920
1 37673U 11024A   13281.12324841  .00000372  00000-0  66686-4 0  9992
2 37673 098.0137 286.9514 0001474 101.8322 300.0021 14.72290751125141
1 37673U 11024A   13282.50493087  .00000397  00000-0  70696-4 0  9997
2 37673 098.0136 288.3134 0001471 101.6896 058.9853 14.72294174125342
1 37673U 11024A   13283.65570485  .00000370  00000-0  66439-4 0  9993
2 37673 098.0135 289.4479 0001468 101.9668 034.4270 14.72294882125518
1 37673U 11024A   13286.01950821  .00000396  00000-0  70555-4 0  9994
2 37673 098.0131 291.7782 0001447 101.5223 316.0936 14.72296831125869
1 37673U 11024A   13287.10401808  .00000468  00000-0  81850-4 0  9991
2 37673 098.0130 292.8472 0001432 101.3511 300.9924 14.72297761126029
1 37673U 11024A   13288.12334657  .00000700  00000-0  11861-3 0  9994
2 37673 098.0129 293.8519 0001397 100.7277 301.0765 14.72300091126174
1 37673U 11024A   13289.50541144  .00000464  00000-0  81239-4 0  9992
2 37673 098.0130 295.2141 0001377 100.6887 062.0270 14.72302380126377
1 37673U 11024A   13290.65209273  .00000517  00000-0  89619-4 0  9993
2 37673 098.0130 296.3442 0001398 101.0094 015.7819 14.72303419126548
1 37673U 11024A   13291.67472933  .00000499  00000-0  86788-4 0  9994
2 37673 098.0131 297.3521 0001406 101.7521 032.0438 14.72304238126695
1 37673U 11024A   13293.08445591  .00000582  00000-0  99856-4 0  9994
2 37673 098.0133 298.7416 0001396 101.6611 299.5972 14.72305572126901
1 37673U 11024A   13294.11326655  .00000574  00000-0  98565-4 0  9995
2 37673 098.0134 299.7556 0001387 101.4581 349.5178 14.72307386127058
1 37673U 11024A   13295.12340265  .00000644  00000-0  10966-3 0  9996
2 37673 098.0134 300.7513 0001374 101.3539 300.4255 14.72308351127204
1 37673U 11024A   13296.14319918  .00000613  00000-0  10480-3 0  9997
2 37673 098.0134 301.7566 0001353 101.0751 302.6810 14.72310128127355
1 37673U 11024A   13297.51596757  .00000619  00000-0  10578-3 0  9991
2 37673 098.0133 303.1099 0001360 101.5198 013.9531 14.72312190127554
1 37673U 11024A   13298.67477066  .00000570  00000-0  97948-4 0  9993
2 37673 098.0131 304.2522 0001362 102.3555 031.4451 14.72314274127723
1 37673U 11024A   13300.08447700  .00000584  00000-0  10019-3 0  9992
2 37673 098.0128 305.6419 0001349 102.5813 298.6210 14.72313893127932
1 37673U 11024A   13301.10409459  .00000615  00000-0  10516-3 0  9992
2 37673 098.0126 306.6468 0001333 102.0344 300.2197 14.72316490128089
1 37673U 11024A   13302.13268808  .00000999  00000-0  16579-3 0  9997
2 37673 098.0125 307.6607 0001324 101.7140 349.1507 14.72316428128239
1 37673U 11024A   13303.50568013  .00000790  00000-0  13274-3 0  9998
2 37673 098.0125 309.0138 0001306 101.3911 062.4110 14.72319783128430
1 37673U 11024A   13304.65582744  .00000819  00000-0  13738-3 0  9999
2 37673 098.0125 310.1473 0001329 102.8284 033.4834 14.72321828128602
1 37673U 11024A   13305.67477245  .00000687  00000-0  11648-3 0  9992
2 37673 098.0126 311.1515 0001321 103.1527 030.6798 14.72322930128756
1 37673U 11024A   13307.08442275  .00000696  00000-0  11793-3 0  9995
2 37673 098.0128 312.5407 0001308 102.8290 298.1584 14.72325189128967
1 37673U 11024A   13308.10405047  .00000649  00000-0  11047-3 0  9995
2 37673 098.0129 313.5456 0001316 103.6231 298.5143 14.72326322129119
1 37673U 11024A   13309.12340049  .00000705  00000-0  11933-3 0  9995
2 37673 098.0130 314.5503 0001318 104.0175 297.8019 14.72328274129267
1 37673U 11024A   13310.14318337  .00000705  00000-0  11932-3 0  9993
2 37673 098.0130 315.5554 0001321 103.9935 299.8056 14.72329833129412
1 37673U 11024A   13311.65578534  .00000682  00000-0  11561-3 0  9999
2 37673 098.0129 317.0464 0001318 104.3261 032.0174 14.72332365129636
1 37673U 11024A   13312.67481899  .00000639  00000-0  10883-3 0  9997
2 37673 098.0127 318.0510 0001307 103.7869 030.5834 14.72333705129783
1 37673U 11024A   13314.08436122  .00000506  00000-0  87871-4 0  9998
2 37673 098.0125 319.4403 0001299 103.7920 297.2165 14.72336106129995
1 37673U 11024A   13315.10397721  .00000500  00000-0  86808-4 0  9996
2 37673 098.0123 320.4453 0001294 103.6659 298.4694 14.72338891130145
1 37673U 11024A   13316.12334906  .00000612  00000-0  10449-3 0  9996
2 37673 098.0122 321.4500 0001304 104.6928 297.2852 14.72341280130295
1 37673U 11024A   13317.14308233  .00000706  00000-0  11934-3 0  9997
2 37673 098.0121 322.4550 0001308 105.0958 298.6462 14.72342134130440
1 37673U 11024A   13318.58997823  .00000720  00000-0  12155-3 0  9997
2 37673 098.0122 323.8810 0001303 104.7562 043.5380 14.72344506130651
1 37673U 11024A   13319.60865662  .00000766  00000-0  12886-3 0  9997
2 37673 098.0122 324.8848 0001290 104.2791 040.2062 14.72346752130800
1 37673U 11024A   13321.09372988  .00001082  00000-0  17885-3 0  9993
2 37673 098.0124 326.3483 0001258 101.7095 349.5895 14.72351849131024
1 37673U 11024A   13322.10384867  .00000850  00000-0  14212-3 0  9998
2 37673 098.0126 327.3437 0001256 102.3246 299.8470 14.72353695131172
1 37673U 11024A   13323.12317523  .00001175  00000-0  19348-3 0  9992
2 37673 098.0127 328.3483 0001280 104.6480 297.1822 14.72354909131325
1 37673U 11024A   13324.14292167  .00001037  00000-0  17169-3 0  9997
2 37673 098.0127 329.3534 0001314 107.2438 296.4731 14.72357021131478
1 37673U 11024A   13325.52504536  .00000998  00000-0  16546-3 0  9999
2 37673 098.0127 330.7157 0001324 107.7719 057.4586 14.72359238131670
1 37673U 11024A   13326.60847987  .00000923  00000-0  15365-3 0  9995
2 37673 098.0126 331.7837 0001314 107.1492 037.3602 14.72360693131837
1 37673U 11024A   13327.62689284  .00000911  00000-0  15171-3 0  9994
2 37673 098.0124 332.7876 0001318 106.8451 032.5099 14.72362021131984
1 37673U 11024A   13328.83821209  .00000919  00000-0  15298-3 0  9991
2 37673 098.0121 333.9816 0001307 104.8064 331.2849 14.72363855132163
1 37673U 11024A   13330.05312225  .00000645  00000-0  10966-3 0  9994
2 37673 098.0119 335.1790 0001310 106.3061 285.5506 14.72365287132345
1 37673U 11024A   13331.14271598  .00000570  00000-0  97827-4 0  9991
2 37673 098.0119 336.2529 0001336 108.1612 295.6236 14.72366452132502
1 37673U 11024A   13332.84269575  .00000543  00000-0  93566-4 0  9997
2 37673 098.0118 337.9282 0001347 108.3417 300.7905 14.72367860132754
1 37673U 11024A   13334.55344409  .00000516  00000-0  89473-4 0  9999
2 37673 098.0120 339.6140 0001770 103.2244 008.0430 14.72280195133006
1 37673U 11024A   13335.57274128  .00000613  00000-0  10486-3 0  9997
2 37673 098.0120 340.6182 0001741 102.6978 007.8030 14.72282047133156
1 37673U 11024A   13336.66480112  .00000658  00000-0  11203-3 0  9997
2 37673 098.0122 341.6942 0001735 101.8976 033.2682 14.72283121133313
1 37673U 11024A   13337.68290536  .00000509  00000-0  88320-4 0  9999
2 37673 098.0124 342.6975 0001724 101.2345 026.8558 14.72284203133462
1 37673U 11024A   13339.09360633  .00000495  00000-0  86151-4 0  9996
2 37673 098.0124 344.0876 0001722 100.5893 300.0262 14.72286421133672
1 37673U 11024A   13340.11293484  .00000611  00000-0  10460-3 0  9999
2 37673 098.0124 345.0922 0001711 099.7733 300.2628 14.72287836133821
1 37673U 11024A   13341.13270625  .00000612  00000-0  10467-3 0  9992
2 37673 098.0123 346.0972 0001701 098.7556 303.0517 14.72289806133970
1 37673U 11024A   13342.51450323  .00000678  00000-0  11505-3 0  9996
2 37673 098.0121 347.4590 0001703 098.6987 062.5532 14.72293618134171
1 37673U 11024A   13343.53306373  .00000687  00000-0  11657-3 0  9992
2 37673 098.0119 348.4628 0001681 096.8839 059.7443 14.72295161134323
1 37673U 11024A   13344.68315477  .00000765  00000-0  12889-3 0  9999
2 37673 098.0117 349.5962 0001665 095.8874 032.8513 14.72297237134498
1 37673U 11024A   13346.09372087  .00000705  00000-0  11942-3 0  9999
2 37673 098.0116 350.9862 0001652 096.1715 304.4403 14.72300453134701
1 37673U 11024A   13346.56182464  .00001044  00000-0  16526-3 0  9999
2 37673 098.0125 351.4466 0001698 079.2488 280.9416 14.72299414134779
1 37673U 11024A   13347.12274521  .00000824  00000-0  13824-3 0  9991
2 37673 098.0116 352.0002 0001633 094.6389 356.8013 14.72302404134851
1 37673U 11024A   13348.13279944  .00000859  00000-0  14377-3 0  9999
2 37673 098.0117 352.9954 0001621 094.7434 307.0455 14.72304605135007
1 37673U 11024A   13349.51355138  .00000801  00000-0  13460-3 0  9991
2 37673 098.0118 354.3559 0001613 095.2648 060.5080 14.72308481135202
1 37673U 11024A   13350.53313789  .00000806  00000-0  13533-3 0  9997
2 37673 098.0120 355.3605 0001593 094.4484 062.1919 14.72310456135354
1 37673U 11024A   13351.74584694  .00000722  00000-0  12200-3 0  9993
2 37673 098.0122 356.5555 0001571 094.6270 005.8808 14.72312334135532
1 37673U 11024A   13353.09376612  .00000675  00000-0  11455-3 0  9990
2 37673 098.0124 357.8838 0001555 094.3391 306.2688 14.72314804135735
1 37673U 11024A   13354.18391352  .00000661  00000-0  11233-3 0  9998
2 37673 098.0123 358.9581 0001537 091.6516 323.6174 14.72316601135897
1 37673U 11024A   13355.55370307  .00000591  00000-0  10136-3 0  9990
2 37673 098.0123 000.3081 0001517 090.9204 020.3218 14.72318635136096
1 37673U 11024A   13356.64602796  .00000679  00000-0  11519-3 0  9994
2 37673 098.0122 001.3847 0001505 090.4926 046.9612 14.72319723136258
1 37673U 11024A   13357.66502561  .00000682  00000-0  11561-3 0  9997
2 37673 098.0120 002.3889 0001485 090.1902 045.0549 14.72320869136400
1 37673U 11024A   13359.50350495  .00000511  00000-0  88677-4 0  9993
2 37673 098.0118 004.2007 0001453 090.7385 063.2281 14.72323241136677
1 37673U 11024A   13360.65551058  .00000455  00000-0  79787-4 0  9998
2 37673 098.0117 005.3360 0001433 089.9931 046.3411 14.72324805136848
1 37673U 11024A   13361.67467944  .00000421  00000-0  74398-4 0  9997
2 37673 098.0118 006.3403 0001414 087.8858 047.1636 14.72325629136991
1 37673U 11024A   13363.08410958  .00000449  00000-0  78779-4 0  9994
2 37673 098.0119 007.7291 0001379 090.7067 310.3446 14.72327177137206
1 37673U 11024A   13364.10372461  .00000496  00000-0  86246-4 0  9994
2 37673 098.0120 008.7338 0001360 089.7304 312.4087 14.72328278137356
