2012-06-15 10:41:07 -6997.90256437 719.615825654 -0.0319351323699 0.115978527248 1.0419639747 7.45578662926
2012-06-15 22:06:10 -7003.63425116 662.256818715 -0.286986467821 0.107146248875 1.04296148627 7.45570259384
2012-06-16 16:02:40 -7011.54018396 571.637356767 -3.48787577824 0.0902719145741 1.0445457764 7.45577931819
2012-06-16 22:34:07 -7014.17102723 538.396764061 -6.87422418516 0.0817208308605 1.04523814662 7.45577796017
2012-06-18 00:39:57 -7023.01353949 407.480906131 -4.51984037647 0.0647344017155 1.04633953958 7.45576761817
2012-06-18 13:42:52 -7026.58192616 341.978741541 -3.19138437439 0.0563770225088 1.04680523592 7.45568994991
2012-06-19 12:32:58 -7031.19377423 227.030469093 -2.37336341633 0.0401297378803 1.04757768241 7.4557294151
2012-06-19 17:26:33 -7031.9495291 201.7665639 -6.61251963239 0.0318601224075 1.04785955758 7.45574250309
2012-06-20 16:16:39 -7034.26081101 86.7965508408 -5.55097055655 0.0158561523789 1.04820726028 7.45579554314
2012-06-21 16:44:37 -7034.72708624 -36.1871891543 -3.08382786697 0.000159803931902 1.04828200726 7.45577617664
2012-06-22 17:12:35 -7033.01042586 -159.240972116 -0.581288787456 -0.0155058212268 1.0482768952 7.45576832763
2012-06-23 14:24:48 -7029.69373805 -267.094513513 -7.43702256495 -0.0388618509184 1.04764603347 7.45581729958
2012-06-24 00:12:00 -7027.62362421 -315.364102733 -0.279935051755 -0.0384833466457 1.04769161959 7.45589235521
2012-06-24 16:30:38 -7023.52224217 -397.930075601 -3.25411897524 -0.0539353176836 1.0470406269 7.45578962409
2012-06-25 00:39:57 -7021.04376844 -439.156555446 -4.63591046303 -0.0615414342285 1.04659166042 7.45581540056
2012-06-25 16:58:36 -7015.56094235 -520.581904634 -0.167516065779 -0.0689389189563 1.04617244698 7.45571977208
2012-06-26 12:32:58 -7007.54148655 -618.98979922 -0.390012811783 -0.0838550882275 1.04508388556 7.45574295662
2012-06-26 15:48:41 -7006.02677818 -636.085794885 -5.52819772237 -0.0918201737298 1.04436900716 7.45572935982
2012-06-27 16:16:39 -6993.83321047 -758.308556523 -2.04234952659 -0.106378685909 1.04299353038 7.45575142632
2012-06-28 18:22:28 -6978.41539251 -889.374153118 -4.79214996903 -0.128783636387 1.04045749675 7.45570936616
2012-06-29 00:53:55 -6974.12063518 -922.328469093 -7.12263206353 -0.136166360986 1.03950015349 7.45572601572
2012-06-29 18:50:26 -6961.819144 -1011.0934324 -0.980125658703 -0.142949636153 1.03866815637 7.4557042308
