1 37673U 11024A   14008.14274549  .00000922  00000-0  15363-3 0  9997
2 37673 098.0121 017.6420 0001198 091.6596 312.0576 14.72341016138683
1 37673U 11024A   14009.65535227  .00001270  00000-0  20862-3 0  9994
2 37673 098.0119 019.1327 0001175 091.4785 044.8712 14.72344817138905
1 37673U 11024A   14010.67528560  .00001069  00000-0  17681-3 0  9991
2 37673 098.0119 020.1379 0001155 091.1588 048.0275 14.72345542139053
1 37673U 11024A   14012.01868652  .00000771  00000-0  12969-3 0  9993
2 37673 098.0120 021.4618 0001128 093.0854 322.4307 14.72347793139259
1 37673U 11024A   14013.53284277  .00000610  00000-0  10423-3 0  9991
2 37673 098.0122 022.9538 0001107 096.2124 060.1818 14.72349856139479
1 37673U 11024A   14014.54366616  .00000636  00000-0  10835-3 0  9996
2 37673 098.0124 023.9500 0001091 097.1030 013.8918 14.72350736139621
1 37673U 11024A   14016.09346132  .00000547  00000-0  94300-4 0  9990
2 37673 098.0126 025.4774 0001081 097.9799 302.6972 14.72352844139858
1 37673U 11024A   14017.11282358  .00000494  00000-0  85910-4 0  9991
2 37673 098.0127 026.4820 0001077 096.8388 303.6815 14.72353352140000
1 37673U 11024A   14018.13247166  .00000382  00000-0  68159-4 0  9994
2 37673 098.0128 027.4870 0001068 097.5435 304.3360 14.72354738140156
1 37673U 11024A   14019.51417855  .00000441  00000-0  77553-4 0  9995
2 37673 098.0128 028.8488 0001067 098.9862 062.1857 14.72355452140350
1 37673U 11024A   14020.53267123  .00000428  00000-0  75377-4 0  9997
2 37673 098.0127 029.8527 0001055 100.3474 056.0720 14.72356633140508
1 37673U 11024A   14021.54355484  .00000441  00000-0  77470-4 0  9998
2 37673 098.0126 030.8492 0001043 103.1092 008.2544 14.72357806140656
1 37673U 11024A   14022.63498071  .00000485  00000-0  84384-4 0  9999
2 37673 098.0125 031.9250 0001041 104.6579 028.3084 14.72359606140813
1 37673U 11024A   14023.65501309  .00000526  00000-0  90975-4 0  9990
2 37673 098.0124 032.9304 0001043 105.8482 030.5355 14.72360833140967
1 37673U 11024A   14025.55324243  .00000501  00000-0  87171-4 0  9998
2 37673 098.0124 034.8011 0001441 104.9974 006.5128 14.72273256141246