1 37673U 11024A   13305.67477245  .00000687  00000-0  11648-3 0  9992
2 37673 098.0126 311.1515 0001321 103.1527 030.6798 14.72322930128756
1 37673U 11024A   13307.08442275  .00000696  00000-0  11793-3 0  9995
2 37673 098.0128 312.5407 0001308 102.8290 298.1584 14.72325189128967
1 37673U 11024A   13308.10405047  .00000649  00000-0  11047-3 0  9995
2 37673 098.0129 313.5456 0001316 103.6231 298.5143 14.72326322129119
1 37673U 11024A   13309.12340049  .00000705  00000-0  11933-3 0  9995
2 37673 098.0130 314.5503 0001318 104.0175 297.8019 14.72328274129267
1 37673U 11024A   13310.14318337  .00000705  00000-0  11932-3 0  9993
2 37673 098.0130 315.5554 0001321 103.9935 299.8056 14.72329833129412
1 37673U 11024A   13311.65578534  .00000682  00000-0  11561-3 0  9999
2 37673 098.0129 317.0464 0001318 104.3261 032.0174 14.72332365129636
1 37673U 11024A   13312.67481899  .00000639  00000-0  10883-3 0  9997
2 37673 098.0127 318.0510 0001307 103.7869 030.5834 14.72333705129783
1 37673U 11024A   13314.08436122  .00000506  00000-0  87871-4 0  9998
2 37673 098.0125 319.4403 0001299 103.7920 297.2165 14.72336106129995
1 37673U 11024A   13315.10397721  .00000500  00000-0  86808-4 0  9996
2 37673 098.0123 320.4453 0001294 103.6659 298.4694 14.72338891130145
1 37673U 11024A   13316.12334906  .00000612  00000-0  10449-3 0  9996
2 37673 098.0122 321.4500 0001304 104.6928 297.2852 14.72341280130295
1 37673U 11024A   13317.14308233  .00000706  00000-0  11934-3 0  9997
2 37673 098.0121 322.4550 0001308 105.0958 298.6462 14.72342134130440
1 37673U 11024A   13318.58997823  .00000720  00000-0  12155-3 0  9997
2 37673 098.0122 323.8810 0001303 104.7562 043.5380 14.72344506130651
1 37673U 11024A   13319.60865662  .00000766  00000-0  12886-3 0  9997
2 37673 098.0122 324.8848 0001290 104.2791 040.2062 14.72346752130800
1 37673U 11024A   13321.09372988  .00001082  00000-0  17885-3 0  9993
2 37673 098.0124 326.3483 0001258 101.7095 349.5895 14.72351849131024
1 37673U 11024A   13322.10384867  .00000850  00000-0  14212-3 0  9998
2 37673 098.0126 327.3437 0001256 102.3246 299.8470 14.72353695131172
1 37673U 11024A   13323.12317523  .00001175  00000-0  19348-3 0  9992
2 37673 098.0127 328.3483 0001280 104.6480 297.1822 14.72354909131325
1 37673U 11024A   13324.14292167  .00001037  00000-0  17169-3 0  9997
2 37673 098.0127 329.3534 0001314 107.2438 296.4731 14.72357021131478
1 37673U 11024A   13325.52504536  .00000998  00000-0  16546-3 0  9999
2 37673 098.0127 330.7157 0001324 107.7719 057.4586 14.72359238131670
1 37673U 11024A   13326.60847987  .00000923  00000-0  15365-3 0  9995
2 37673 098.0126 331.7837 0001314 107.1492 037.3602 14.72360693131837
1 37673U 11024A   13327.62689284  .00000911  00000-0  15171-3 0  9994
2 37673 098.0124 332.7876 0001318 106.8451 032.5099 14.72362021131984
1 37673U 11024A   13328.83821209  .00000919  00000-0  15298-3 0  9991
2 37673 098.0121 333.9816 0001307 104.8064 331.2849 14.72363855132163
1 37673U 11024A   13330.05312225  .00000645  00000-0  10966-3 0  9994
2 37673 098.0119 335.1790 0001310 106.3061 285.5506 14.72365287132345
1 37673U 11024A   13331.14271598  .00000570  00000-0  97827-4 0  9991
2 37673 098.0119 336.2529 0001336 108.1612 295.6236 14.72366452132502
1 37673U 11024A   13332.84269575  .00000543  00000-0  93566-4 0  9997
2 37673 098.0118 337.9282 0001347 108.3417 300.7905 14.72367860132754
1 37673U 11024A   13334.55344409  .00000516  00000-0  89473-4 0  9999
2 37673 098.0120 339.6140 0001770 103.2244 008.0430 14.72280195133006
1 37673U 11024A   13335.57274128  .00000613  00000-0  10486-3 0  9997
2 37673 098.0120 340.6182 0001741 102.6978 007.8030 14.72282047133156
1 37673U 11024A   13336.66480112  .00000658  00000-0  11203-3 0  9997
2 37673 098.0122 341.6942 0001735 101.8976 033.2682 14.72283121133313
1 37673U 11024A   13337.68290536  .00000509  00000-0  88320-4 0  9999
2 37673 098.0124 342.6975 0001724 101.2345 026.8558 14.72284203133462
1 37673U 11024A   13339.09360633  .00000495  00000-0  86151-4 0  9996
2 37673 098.0124 344.0876 0001722 100.5893 300.0262 14.72286421133672
1 37673U 11024A   13340.11293484  .00000611  00000-0  10460-3 0  9999
2 37673 098.0124 345.0922 0001711 099.7733 300.2628 14.72287836133821
1 37673U 11024A   13341.13270625  .00000612  00000-0  10467-3 0  9992
2 37673 098.0123 346.0972 0001701 098.7556 303.0517 14.72289806133970
1 37673U 11024A   13342.51450323  .00000678  00000-0  11505-3 0  9996
2 37673 098.0121 347.4590 0001703 098.6987 062.5532 14.72293618134171
1 37673U 11024A   13343.53306373  .00000687  00000-0  11657-3 0  9992
2 37673 098.0119 348.4628 0001681 096.8839 059.7443 14.72295161134323
1 37673U 11024A   13344.68315477  .00000765  00000-0  12889-3 0  9999
2 37673 098.0117 349.5962 0001665 095.8874 032.8513 14.72297237134498
1 37673U 11024A   13346.09372087  .00000705  00000-0  11942-3 0  9999
2 37673 098.0116 350.9862 0001652 096.1715 304.4403 14.72300453134701
1 37673U 11024A   13346.56182464  .00001044  00000-0  16526-3 0  9999
2 37673 098.0125 351.4466 0001698 079.2488 280.9416 14.72299414134779
1 37673U 11024A   13347.12274521  .00000824  00000-0  13824-3 0  9991
2 37673 098.0116 352.0002 0001633 094.6389 356.8013 14.72302404134851
1 37673U 11024A   13348.13279944  .00000859  00000-0  14377-3 0  9999
2 37673 098.0117 352.9954 0001621 094.7434 307.0455 14.72304605135007
1 37673U 11024A   13349.51355138  .00000801  00000-0  13460-3 0  9991
2 37673 098.0118 354.3559 0001613 095.2648 060.5080 14.72308481135202
1 37673U 11024A   13350.53313789  .00000806  00000-0  13533-3 0  9997
2 37673 098.0120 355.3605 0001593 094.4484 062.1919 14.72310456135354
1 37673U 11024A   13351.74584694  .00000722  00000-0  12200-3 0  9993
2 37673 098.0122 356.5555 0001571 094.6270 005.8808 14.72312334135532
1 37673U 11024A   13353.09376612  .00000675  00000-0  11455-3 0  9990
2 37673 098.0124 357.8838 0001555 094.3391 306.2688 14.72314804135735
1 37673U 11024A   13354.18391352  .00000661  00000-0  11233-3 0  9998
2 37673 098.0123 358.9581 0001537 091.6516 323.6174 14.72316601135897
1 37673U 11024A   13355.55370307  .00000591  00000-0  10136-3 0  9990
2 37673 098.0123 000.3081 0001517 090.9204 020.3218 14.72318635136096
1 37673U 11024A   13356.64602796  .00000679  00000-0  11519-3 0  9994
2 37673 098.0122 001.3847 0001505 090.4926 046.9612 14.72319723136258
1 37673U 11024A   13357.66502561  .00000682  00000-0  11561-3 0  9997
2 37673 098.0120 002.3889 0001485 090.1902 045.0549 14.72320869136400
1 37673U 11024A   13359.50350495  .00000511  00000-0  88677-4 0  9993
2 37673 098.0118 004.2007 0001453 090.7385 063.2281 14.72323241136677
1 37673U 11024A   13360.65551058  .00000455  00000-0  79787-4 0  9998
2 37673 098.0117 005.3360 0001433 089.9931 046.3411 14.72324805136848
1 37673U 11024A   13361.67467944  .00000421  00000-0  74398-4 0  9997
2 37673 098.0118 006.3403 0001414 087.8858 047.1636 14.72325629136991
1 37673U 11024A   13363.08410958  .00000449  00000-0  78779-4 0  9994
2 37673 098.0119 007.7291 0001379 090.7067 310.3446 14.72327177137206
1 37673U 11024A   13364.10372461  .00000496  00000-0  86246-4 0  9994
2 37673 098.0120 008.7338 0001360 089.7304 312.4087 14.72328278137356