1 08820U 76039A   03001.81281897 -.00000011  00000-0  10000-3 0  9167
2 08820 109.8351 124.6236 0044298 336.9894  22.8665  6.38664585366432
1 08820U 76039A   03002.90895751 -.00000008  00000-0  10000-3 0  8859
2 08820 109.8349 124.9991 0044292 336.7603  23.0948  6.38664585366505
1 08820U 76039A   03003.84850528 -.00000004  00000-0  10000-3 0  8953
2 08820 109.8347 125.3213 0044369 336.5647  23.2897  6.38664574366565
1 08820U 76039A   03004.94464396 -.00000001  00000-0  10000-3 0  9025
2 08820 109.8345 125.6970 0044373 336.3428  23.5114  6.38664573366638
1 08820U 76039A   03005.88419132  .00000001  00000-0  10000-3 0  9150
2 08820 109.8367 126.0213 0044339 336.2060  23.6483  6.38664576366699
1 08820U 76039A   03006.82373842  .00000001  00000-0  10000-3 0  9297
2 08820 109.8367 126.3435 0044311 335.9673  23.8860  6.38664574366750
1 08820U 76039A   03007.13692080  .00000001  00000-0  10000-3 0  8862
2 08820 109.8365 126.4506 0044296 335.8860  23.9664  6.38664558366774
1 08820U 76039A   03007.91987656 -.00000000  00000-0  10000-3 0  8921
2 08820 109.8364 126.7191 0044280 335.6999  24.1519  6.38664577366829
1 08820U 76039A   03008.85942318 -.00000003  00000-0  10000-3 0  9071
2 08820 109.8358 127.0400 0044394 335.4542  24.3952  6.38664674366884
1 08820U 76039A   03009.95556079 -.00000006  00000-0  10000-3 0  9194
2 08820 109.8357 127.4157 0044376 335.2096  24.6377  6.38664686366953
1 08820U 76039A   03010.89510731 -.00000009  00000-0  10000-3 0  9276
2 08820 109.8354 127.7373 0044357 335.0593  24.7867  6.38664749367015
1 08820U 76039A   03011.20828940 -.00000009  00000-0  10000-3 0  8871
2 08820 109.8353 127.8446 0044355 334.9940  24.8512  6.38664747367036
1 08820U 76039A   03011.83465379 -.00000011  00000-0  10000-3 0  8955
2 08820 109.8352 128.0591 0044351 334.8640  24.9799  6.38664750367077
1 08820U 76039A   03012.93079156 -.00000012  00000-0  10000-3 0  9021
2 08820 109.8354 128.4350 0044331 334.5893  25.2520  6.38664722367144
1 08820U 76039A   03013.87033831 -.00000011  00000-0  10000-3 0  9125
2 08820 109.8352 128.7569 0044322 334.3945  25.4453  6.38664722367207
1 08820U 76039A   03014.96647604 -.00000009  00000-0  10000-3 0  9245
2 08820 109.8350 129.1325 0044310 334.1554  25.6827  6.38664731367275
1 08820U 76039A   03015.43624969 -.00000008  00000-0  10000-3 0  8885
2 08820 109.8348 129.2932 0044347 334.0908  25.7467  6.38664736367309
1 08820U 76039A   03015.90602369 -.00000007  00000-0  10000-3 0  8921
2 08820 109.8357 129.4548 0044306 333.8795  25.9571  6.38664707367339
1 08820U 76039A   03016.84557061 -.00000004  00000-0  10000-3 0  9044
2 08820 109.8350 129.7765 0044291 333.7075  26.1287  6.38664738367396
1 08820U 76039A   03017.94170897 -.00000000  00000-0  10000-3 0  9196
2 08820 109.8348 130.1524 0044277 333.4796  26.3561  6.38664739367469
1 08820U 76039A   03018.88125631  .00000003  00000-0  10000-3 0  9266
2 08820 109.8345 130.4742 0044293 333.2590  26.5761  6.38664736367527
1 08820U 76039A   03019.50762136  .00000004  00000-0  10000-3 0  8892
2 08820 109.8343 130.6888 0044291 333.1287  26.7063  6.38664729367561
1 08820U 76039A   03019.82080377  .00000005  00000-0  10000-3 0  8933
2 08820 109.8344 130.7961 0044287 333.0726  26.7624  6.38664730367584
1 08820U 76039A   03020.91694234  .00000006  00000-0  10000-3 0  9042
2 08820 109.8341 131.1720 0044314 332.8368  26.9973  6.38664715367659
1 08820U 76039A   03021.85648958  .00000005  00000-0  10000-3 0  9137
2 08820 109.8342 131.4939 0044306 332.6608  27.1725  6.38664706367716
1 08820U 76039A   03022.95262749  .00000003  00000-0  10000-3 0  9205
2 08820 109.8339 131.8695 0044301 332.4279  27.4032  6.38664702367789
1 08820U 76039A   03023.89217448 -.00000001  00000-0  10000-3 0  8911
2 08820 109.8338 132.1914 0044303 332.2131  27.6156  6.38664680367844
1 08820U 76039A   03024.83172107 -.00000006  00000-0  10000-3 0  9004
2 08820 109.8335 132.5132 0044297 332.0153  27.8109  6.38664676367903
1 08820U 76039A   03025.92785900 -.00000012  00000-0  10000-3 0  9092
2 08820 109.8334 132.8887 0044297 331.8045  28.0186  6.38664659367975
1 08820U 76039A   03026.86740581 -.00000015  00000-0  10000-3 0  9219
2 08820 109.8332 133.2105 0044362 331.5759  28.2435  6.38664639368038
1 08820U 76039A   03027.80695282 -.00000017  00000-0  10000-3 0  9314
2 08820 109.8329 133.5326 0044369 331.3909  28.4273  6.38664637368090
1 08820U 76039A   03028.12013517 -.00000018  00000-0  10000-3 0  8911
2 08820 109.8328 133.6399 0044364 331.3232  28.4944  6.38664635368110
1 08820U 76039A   03028.90309110 -.00000017  00000-0  10000-3 0  8980
2 08820 109.8326 133.9080 0044356 331.1591  28.6573  6.38664632368167
1 08820U 76039A   03029.84263845 -.00000015  00000-0  10000-3 0  9134
2 08820 109.8323 134.2298 0044367 330.9977  28.8181  6.38664637368225
1 08820U 76039A   03030.78218598 -.00000012  00000-0  10000-3 0  9276
2 08820 109.8317 134.5518 0044352 330.8351  28.9805  6.38664635368283
1 08820U 76039A   03031.87832481 -.00000008  00000-0  10000-3 0  9321
2 08820 109.8317 134.9274 0044341 330.6104  29.2049  6.38664624368358
1 08820U 76039A   03032.19150738 -.00000007  00000-0  10000-3 0  8929
2 08820 109.8317 135.0347 0044340 330.5475  29.2678  6.38664623368379
1 08820U 76039A   03032.81787241 -.00000005  00000-0  10000-3 0  8976
2 08820 109.8311 135.2494 0044321 330.4225  29.3922  6.38664657368414
1 08820U 76039A   03033.91401178 -.00000002  00000-0  10000-3 0  9079
2 08820 109.8305 135.6258 0044334 330.2102  29.6046  6.38664620368482
1 08820U 76039A   03034.85355904 -.00000002  00000-0  10000-3 0  9146
2 08820 109.8303 135.9476 0044335 329.9780  29.8359  6.38664622368541
1 08820U 76039A   03035.79310592 -.00000003  00000-0  10000-3 0  9202
2 08820 109.8295 136.2698 0044366 329.7920  30.0208  6.38664651368605
1 08820U 76039A   03036.26287974 -.00000003  00000-0  10000-3 0  8931
2 08820 109.8301 136.4303 0044358 329.7040  30.1083  6.38664639368633
1 08820U 76039A   03036.73265319 -.00000004  00000-0  10000-3 0  8955
2 08820 109.8302 136.5914 0044344 329.6030  30.2087  6.38664639368664
1 08820U 76039A   03037.82879121 -.00000007  00000-0  10000-3 0  9020
2 08820 109.8301 136.9666 0044340 329.3656  30.4442  6.38664649368734
1 08820U 76039A   03038.76833800 -.00000009  00000-0  10000-3 0  9075
2 08820 109.8299 137.2885 0044334 329.1657  30.6423  6.38664651368799
1 08820U 76039A   03039.86447594 -.00000011  00000-0  10000-3 0  9116
2 08820 109.8299 137.6641 0044333 328.9376  30.8682  6.38664647368869
1 08820U 76039A   03040.33424944 -.00000011  00000-0  10000-3 0  8944
2 08820 109.8299 137.8252 0044320 328.8306  30.9749  6.38664647368895
1 08820U 76039A   03040.80402267 -.00000012  00000-0  10000-3 0  8952
2 08820 109.8298 137.9861 0044316 328.7331  31.0711  6.38664649368920
1 08820U 76039A   03041.74356980 -.00000011  00000-0  10000-3 0  9046
2 08820 109.8298 138.3079 0044347 328.5227  31.2794  6.38664638368989
1 08820U 76039A   03042.83970795 -.00000010  00000-0  10000-3 0  9109
2 08820 109.8297 138.6835 0044335 328.2799  31.5205  6.38664636369056
1 08820U 76039A   03043.77925505 -.00000007  00000-0  10000-3 0  9164
2 08820 109.8296 139.0055 0044321 328.0724  31.7270  6.38664633369113
1 08820U 76039A   03044.71880252 -.00000004  00000-0  10000-3 0  8951
2 08820 109.8294 139.3273 0044320 327.8782  31.9206  6.38664631369171
1 08820U 76039A   03045.81494115 -.00000000  00000-0  10000-3 0  9016
2 08820 109.8294 139.7029 0044306 327.6630  32.1355  6.38664631369244
1 08820U 76039A   03046.75448900  .00000003  00000-0  10000-3 0  9068
2 08820 109.8294 140.0248 0044306 327.4971  32.3012  6.38664616369300
1 08820U 76039A   03047.69403682  .00000005  00000-0  10000-3 0  9107
2 08820 109.8293 140.3467 0044289 327.2317  32.5657  6.38664595369366
1 08820U 76039A   03048.79017609  .00000006  00000-0  10000-3 0  8963
2 08820 109.8290 140.7220 0044267 326.9422  32.8542  6.38664578369438
1 08820U 76039A   03049.72972335  .00000006  00000-0  10000-3 0  9010
2 08820 109.8290 141.0441 0044258 326.7434  33.0520  6.38664565369499
1 08820U 76039A   03050.82586110  .00000003  00000-0  10000-3 0  9067
2 08820 109.8286 141.4198 0044243 326.4985  33.2950  6.38664569369560
1 08820U 76039A   03051.76540813 -.00000000  00000-0  10000-3 0  9104
2 08820 109.8285 141.7417 0044249 326.3252  33.4663  6.38664565369624
1 08820U 76039A   03052.70495499 -.00000005  00000-0  10000-3 0  9158
2 08820 109.8286 142.0637 0044236 326.1272  33.6619  6.38664545369686
1 08820U 76039A   03053.17472838 -.00000007  00000-0  10000-3 0  8973
2 08820 109.8285 142.2246 0044234 326.0271  33.7607  6.38664544369710
1 08820U 76039A   03053.80109259 -.00000010  00000-0  10000-3 0  9006
2 08820 109.8272 142.4400 0044099 325.8750  33.9122  6.38664652369756
1 08820U 76039A   03054.74063962 -.00000013  00000-0  10000-3 0  9069
2 08820 109.8272 142.7616 0044209 325.7060  34.0779  6.38664612369817
1 08820U 76039A   03055.68018646 -.00000015  00000-0  10000-3 0  9097
2 08820 109.8273 143.0835 0044201 325.5004  34.2814  6.38664612369871
1 08820U 76039A   03056.77632457 -.00000015  00000-0  10000-3 0  9179
2 08820 109.8256 143.4593 0044238 325.2993  34.4807  6.38664630369943
1 08820U 76039A   03057.24609826 -.00000015  00000-0  10000-3 0  8984
2 08820 109.8255 143.6202 0044237 325.1984  34.5811  6.38664629369976
1 08820U 76039A   03057.71587215 -.00000014  00000-0  10000-3 0  9039
2 08820 109.8258 143.7813 0044244 325.1123  34.6668  6.38664608370005
1 08820U 76039A   03058.81201105 -.00000010  00000-0  10000-3 0  9094
2 08820 109.8256 144.1568 0044250 324.8657  34.9125  6.38664599370077
1 08820U 76039A   03059.75155891 -.00000006  00000-0  10000-3 0  9149
2 08820 109.8256 144.4788 0044242 324.6953  35.0829  6.38664586370138
1 08820U 76039A   03060.84769807 -.00000002  00000-0  10000-3 0  9202
2 08820 109.8265 144.8546 0044320 324.3353  35.4407  6.38664534370209
1 08820U 76039A   03061.78724601  .00000000  00000-0  10000-3 0  8991
2 08820 109.8264 145.1764 0044318 324.1258  35.6500  6.38664530370261
1 08820U 76039A   03062.72679398  .00000001  00000-0  10000-3 0  9046
2 08820 109.8263 145.4983 0044337 323.9558  35.8195  6.38664513370327
1 08820U 76039A   03063.66634142  .00000001  00000-0  10000-3 0  9071
2 08820 109.8263 145.8203 0044332 323.7542  36.0202  6.38664510370387
1 08820U 76039A   03064.76247859 -.00000000  00000-0  10000-3 0  9113
2 08820 109.8259 146.1958 0044437 323.5020  36.2700  6.38664573370450
1 08820U 76039A   03065.85861699 -.00000002  00000-0  10000-3 0  9008
2 08820 109.8260 146.5710 0044343 323.2877  36.4831  6.38664577370524
1 08820U 76039A   03066.79816387 -.00000004  00000-0  10000-3 0  9086
2 08820 109.8257 146.8929 0044402 323.1194  36.6497  6.38664591370584
1 08820U 76039A   03067.73771135 -.00000006  00000-0  10000-3 0  9141
2 08820 109.8256 147.2147 0044394 322.9567  36.8110  6.38664574370643
1 08820U 76039A   03068.67725878 -.00000006  00000-0  10000-3 0  9182
2 08820 109.8247 147.5360 0044368 322.6923  37.0732  6.38664576370709
1 08820U 76039A   03069.77339739 -.00000006  00000-0  10000-3 0  9237
2 08820 109.8241 147.9112 0044348 322.4139  37.3495  6.38664570370777
1 08820U 76039A   03070.08657979 -.00000005  00000-0  10000-3 0  9017
2 08820 109.8240 148.0186 0044348 322.3498  37.4130  6.38664567370791
1 08820U 76039A   03070.71294485 -.00000004  00000-0  10000-3 0  9048
2 08820 109.8238 148.2331 0044353 322.2502  37.5120  6.38664565370836
1 08820U 76039A   03071.65249182 -.00000002  00000-0  10000-3 0  9088
2 08820 109.8238 148.5550 0044366 322.0432  37.7173  6.38664568370895
1 08820U 76039A   03072.74862902  .00000001  00000-0  10000-3 0  9167
2 08820 109.8226 148.9293 0044431 321.9117  37.8483  6.38664803370966
1 08820U 76039A   03073.68817770  .00000004  00000-0  10000-3 0  9213
2 08820 109.8223 149.2508 0044464 321.6112  38.1478  6.38664708371024
1 08820U 76039A   03074.15795101  .00000006  00000-0  10000-3 0  9020
2 08820 109.8221 149.4119 0044466 321.5091  38.2490  6.38664717371057
1 08820U 76039A   03074.62772535  .00000007  00000-0  10000-3 0  9074
2 08820 109.8227 149.5733 0044466 321.3666  38.3911  6.38664664371085
1 08820U 76039A   03075.72386444  .00000010  00000-0  10000-3 0  9126
2 08820 109.8225 149.9485 0044462 321.1521  38.6051  6.38664658371154
1 08820U 76039A   03076.66341192  .00000011  00000-0  10000-3 0  9155
2 08820 109.8216 150.2712 0044476 320.9787  38.7780  6.38664653371210
1 08820U 76039A   03077.75954989  .00000011  00000-0  10000-3 0  9228
2 08820 109.8210 150.6470 0044451 320.7311  39.0244  6.38664674371282
1 08820U 76039A   03078.38591472  .00000010  00000-0  10000-3 0  9030
2 08820 109.8211 150.8616 0044432 320.6083  39.1458  6.38664659371327
1 08820U 76039A   03078.69909725  .00000009  00000-0  10000-3 0  9047
2 08820 109.8210 150.9688 0044433 320.5349  39.2189  6.38664657371343
1 08820U 76039A   03079.63864468  .00000006  00000-0  10000-3 0  9098
2 08820 109.8209 151.2903 0044380 320.3124  39.4397  6.38664640371407
1 08820U 76039A   03080.73478281  .00000001  00000-0  10000-3 0  9135
2 08820 109.8207 151.6656 0044377 320.0779  39.6713  6.38664633371476
1 08820U 76039A   03081.83092109 -.00000004  00000-0  10000-3 0  9200
2 08820 109.8208 152.0414 0044422 319.7978  39.9470  6.38664582371545
1 08820U 76039A   03082.77046855 -.00000008  00000-0  10000-3 0  9047
2 08820 109.8207 152.3632 0044467 319.5253  40.2167  6.38664553371605
1 08820U 76039A   03083.71001627 -.00000010  00000-0  10000-3 0  9122
2 08820 109.8207 152.6850 0044458 319.3603  40.3805  6.38664539371667
1 08820U 76039A   03084.64956344 -.00000010  00000-0  10000-3 0  9197
2 08820 109.8208 153.0071 0044452 319.1630  40.5763  6.38664531371724
1 08820U 76039A   03085.74570234 -.00000008  00000-0  10000-3 0  9231
2 08820 109.8206 153.3825 0044453 318.9479  40.7902  6.38664527371790
1 08820U 76039A   03086.68524999 -.00000005  00000-0  10000-3 0  9307
2 08820 109.8196 153.7034 0044405 318.8519  40.8865  6.38664577371856
1 08820U 76039A   03087.15502391 -.00000003  00000-0  10000-3 0  9052
2 08820 109.8179 153.8652 0044295 318.7302  41.0057  6.38664448371886
1 08820U 76039A   03087.62479869 -.00000001  00000-0  10000-3 0  9088
2 08820 109.8180 154.0259 0044345 318.6407  41.0976  6.38664487371912
1 08820U 76039A   03088.72093715  .00000003  00000-0  10000-3 0  9139
2 08820 109.8177 154.4012 0044408 318.4405  41.2972  6.38664547371987
1 08820U 76039A   03089.81707634  .00000006  00000-0  10000-3 0  9179
2 08820 109.8177 154.7764 0044409 318.1841  41.5522  6.38664521372051
1 08820U 76039A   03090.60003295  .00000007  00000-0  10000-3 0  9261
2 08820 109.8156 155.0434 0044406 317.9479  41.7876  6.38664552372101
1 08820U 76039A   03091.22639834  .00000008  00000-0  10000-3 0  9063
2 08820 109.8155 155.2578 0044407 317.8197  41.9158  6.38664549372143
1 08820U 76039A   03091.69617219  .00000007  00000-0  10000-3 0  9088
2 08820 109.8154 155.4186 0044404 317.7185  42.0166  6.38664552372170
1 08820U 76039A   03092.94890240  .00000006  00000-0  10000-3 0  9184
2 08820 109.8150 155.8477 0044416 317.4818  42.2518  6.38664538372252
1 08820U 76039A   03093.88844879  .00000005  00000-0  10000-3 0  9308
2 08820 109.8158 156.1697 0044478 317.2304  42.5008  6.38664628372318
1 08820U 76039A   03094.20163134  .00000004  00000-0  10000-3 0  9076
2 08820 109.8142 156.2768 0044469 317.2250  42.5057  6.38664611372339
1 08820U 76039A   03094.67140519  .00000003  00000-0  10000-3 0  9090
2 08820 109.8141 156.4376 0044466 317.1267  42.6037  6.38664611372361
1 08820U 76039A   03095.76754355  .00000002  00000-0  10000-3 0  9167
2 08820 109.8141 156.8128 0044452 316.8944  42.8341  6.38664619372439
1 08820U 76039A   03096.86368491  .00000002  00000-0  10000-3 0  9307
2 08820 109.8087 157.1867 0044684 316.8314  42.8942  6.38664435372501
1 08820U 76039A   03097.80323181  .00000002  00000-0  10000-3 0  9343
2 08820 109.8087 157.5085 0044666 316.5857  43.1381  6.38664472372564
1 08820U 76039A   03098.27300471  .00000003  00000-0  10000-3 0  9084
2 08820 109.8092 157.6693 0044669 316.4180  43.3045  6.38664513372595
1 08820U 76039A   03098.89936969  .00000004  00000-0  10000-3 0  9136
2 08820 109.8093 157.8836 0044658 316.2868  43.4349  6.38664518372634
1 08820U 76039A   03099.83891651  .00000006  00000-0  10000-3 0  9232
2 08820 109.8093 158.2063 0044645 316.0390  43.6812  6.38664585372692
1 08820U 76039A   03100.93505563  .00000009  00000-0  10000-3 0  9323
2 08820 109.8096 158.5809 0044641 315.8146  43.9046  6.38664585372768
1 08820U 76039A   03101.71801197  .00000011  00000-0  10000-3 0  9392
2 08820 109.8097 158.8493 0044620 315.6526  44.0664  6.38664597372815
1 08820U 76039A   03102.34437706  .00000013  00000-0  10000-3 0  9092
2 08820 109.8099 159.0639 0044622 315.5228  44.1956  6.38664589372852
1 08820U 76039A   03102.81415125  .00000014  00000-0  10000-3 0  9142
2 08820 109.8111 159.2253 0044619 315.3868  44.3312  6.38664546372889
1 08820U 76039A   03103.59710778  .00000016  00000-0  10000-3 0  9197
2 08820 109.8110 159.4934 0044618 315.2271  44.4905  6.38664550372932
1 08820U 76039A   03104.84983795  .00000017  00000-0  10000-3 0  9299
2 08820 109.8109 159.9223 0044597 314.9567  44.7599  6.38664555373013
1 08820U 76039A   03105.94597673  .00000017  00000-0  10000-3 0  9365
2 08820 109.8108 160.2977 0044585 314.7155  44.9999  6.38664555373084
1 08820U 76039A   03106.88552311  .00000014  00000-0  10000-3 0  9108
2 08820 109.8113 160.6212 0044614 314.5721  45.1417  6.38664667373145
1 08820U 76039A   03107.98166145  .00000010  00000-0  10000-3 0  9168
2 08820 109.8110 160.9965 0044608 314.3454  45.3660  6.38664660373217
1 08820U 76039A   03108.76461753  .00000007  00000-0  10000-3 0  9254
2 08820 109.8110 161.2644 0044667 314.1753  45.5325  6.38664612373262
1 08820U 76039A   03109.70416517  .00000002  00000-0  10000-3 0  9296
2 08820 109.8110 161.5860 0044650 313.9796  45.7273  6.38664609373328
1 08820U 76039A   03110.95689508 -.00000002  00000-0  10000-3 0  9412
2 08820 109.8110 162.0148 0044625 313.7143  45.9896  6.38664578373406
1 08820U 76039A   03111.73985136 -.00000003  00000-0  10000-3 0  9180
2 08820 109.8113 162.2829 0044613 313.5054  46.1959  6.38664540373450
1 08820U 76039A   03112.83599061 -.00000003  00000-0  10000-3 0  9258
2 08820 109.8109 162.6582 0044587 313.2793  46.4213  6.38664530373525
1 08820U 76039A   03113.61894709 -.00000002  00000-0  10000-3 0  9307
2 08820 109.8108 162.9262 0044576 313.1159  46.5839  6.38664530373575
1 08820U 76039A   03114.71508636  .00000001  00000-0  10000-3 0  9353
2 08820 109.8106 163.3014 0044556 312.9041  46.7951  6.38664528373640
1 08820U 76039A   03115.18486034  .00000003  00000-0  10000-3 0  9129
2 08820 109.8106 163.4621 0044555 312.8033  46.8956  6.38664527373672
1 08820U 76039A   03115.49804287  .00000004  00000-0  10000-3 0  9173
2 08820 109.8105 163.5697 0044553 312.7492  46.9498  6.38664525373693
1 08820U 76039A   03116.59418265  .00000008  00000-0  10000-3 0  9222
2 08820 109.8120 163.9475 0044472 312.5483  47.1508  6.38664427373760
1 08820U 76039A   03117.84691330  .00000012  00000-0  10000-3 0  9277
2 08820 109.8119 164.3762 0044456 312.2749  47.4239  6.38664444373848
1 08820U 76039A   03118.62987015  .00000013  00000-0  10000-3 0  9329
2 08820 109.8119 164.6441 0044455 312.1232  47.5754  6.38664444373898
1 08820U 76039A   03119.56941803  .00000014  00000-0  10000-3 0  9138
2 08820 109.8117 164.9656 0044449 311.9270  47.7710  6.38664456373953
1 08820U 76039A   03120.97873844  .00000013  00000-0  10000-3 0  9223
2 08820 109.8114 165.4480 0044471 311.6468  48.0491  6.38664518374042
1 08820U 76039A   03121.60510372  .00000012  00000-0  10000-3 0  9272
2 08820 109.8113 165.6622 0044475 311.5203  48.1748  6.38664514374087
1 08820U 76039A   03122.70124210  .00000010  00000-0  10000-3 0  9342
2 08820 109.8108 166.0371 0044428 311.2008  48.4925  6.38664535374156
1 08820U 76039A   03123.64078982  .00000009  00000-0  10000-3 0  9146
2 08820 109.8106 166.3585 0044438 311.0095  48.6819  6.38664527374211
1 08820U 76039A   03123.95397233  .00000009  00000-0  10000-3 0  9154
2 08820 109.8105 166.4657 0044439 310.9412  48.7499  6.38664529374232
1 08820U 76039A   03124.58033698  .00000009  00000-0  10000-3 0  9190
2 08820 109.8104 166.6801 0044441 310.8001  48.8896  6.38664539374277
1 08820U 76039A   03125.83306701  .00000009  00000-0  10000-3 0  9287
2 08820 109.8103 167.1087 0044430 310.5355  49.1521  6.38664540374355
1 08820U 76039A   03126.61602332  .00000010  00000-0  10000-3 0  9342
2 08820 109.8101 167.3765 0044409 310.3720  49.3145  6.38664543374401
1 08820U 76039A   03127.86875328  .00000012  00000-0  10000-3 0  9158
2 08820 109.8101 167.8053 0044371 310.0771  49.6078  6.38664542374482
1 08820U 76039A   03128.96489277  .00000014  00000-0  10000-3 0  9224
2 08820 109.8098 168.1802 0044376 309.8438  49.8400  6.38664540374551
1 08820U 76039A   03129.59125803  .00000016  00000-0  10000-3 0  9273
2 08820 109.8096 168.3943 0044369 309.7002  49.9831  6.38664549374597
1 08820U 76039A   03130.68739723  .00000019  00000-0  10000-3 0  9337
2 08820 109.8095 168.7693 0044354 309.4693  50.2133  6.38664553374662
1 08820U 76039A   03131.62694638  .00000021  00000-0  10000-3 0  9396
2 08820 109.8091 169.0905 0044350 309.3290  50.3534  6.38664531374725
1 08820U 76039A   03132.09672034  .00000022  00000-0  10000-3 0  9160
2 08820 109.8091 169.2513 0044352 309.2296  50.4526  6.38664533374756
1 08820U 76039A   03132.72308612  .00000022  00000-0  10000-3 0  9203
2 08820 109.8093 169.4657 0044444 309.0019  50.6784  6.38664510374799
1 08820U 76039A   03133.66263346  .00000022  00000-0  10000-3 0  9256
2 08820 109.8102 169.7852 0044451 308.7537  50.9252  6.38664449374850
1 08820U 76039A   03134.60218091  .00000020  00000-0  10000-3 0  9335
2 08820 109.8101 170.1069 0044448 308.5407  51.1368  6.38664463374919
1 08820U 76039A   03135.54172889  .00000017  00000-0  10000-3 0  9362
2 08820 109.8098 170.4285 0044418 308.3593  51.3167  6.38664439374976
1 08820U 76039A   03136.16809385  .00000014  00000-0  10000-3 0  9175
2 08820 109.8109 170.6424 0044386 308.2438  51.4285  6.38664317375010
1 08820U 76039A   03136.95105116  .00000010  00000-0  10000-3 0  9225
2 08820 109.8108 170.9105 0044369 308.0795  51.5937  6.38664325375062
1 08820U 76039A   03137.57741620  .00000008  00000-0  10000-3 0  9294
2 08820 109.8111 171.1243 0044497 307.9477  51.7222  6.38664279375101
1 08820U 76039A   03138.67355498  .00000003  00000-0  10000-3 0  9341
2 08820 109.8109 171.4999 0044482 307.6891  51.9790  6.38664307375171
1 08820U 76039A   03139.61310257  .00000001  00000-0  10000-3 0  9405
2 08820 109.8106 171.8214 0044472 307.4894  52.1769  6.38664317375239
1 08820U 76039A   03140.23946763  .00000001  00000-0  10000-3 0  9187
2 08820 109.8105 172.0360 0044487 307.3610  52.3042  6.38664326375274
1 08820U 76039A   03140.70924148  .00000001  00000-0  10000-3 0  9205
2 08820 109.8104 172.1967 0044481 307.2601  52.4043  6.38664329375309
1 08820U 76039A   03141.96197138  .00000003  00000-0  10000-3 0  9319
2 08820 109.8101 172.6255 0044404 306.9994  52.6640  6.38664379375385
1 08820U 76039A   03142.58833675  .00000005  00000-0  10000-3 0  9403
2 08820 109.8099 172.8400 0044420 306.8486  52.8140  6.38664372375423
1 08820U 76039A   03143.52788493  .00000008  00000-0  10000-3 0  9475
2 08820 109.8097 173.1619 0044442 306.6585  53.0039  6.38664380375484
1 08820U 76039A   03144.46743239  .00000011  00000-0  10000-3 0  9191
2 08820 109.8090 173.4839 0044596 306.4852  53.1754  6.38664404375548
1 08820U 76039A   03144.93720655  .00000013  00000-0  10000-3 0  9215
2 08820 109.8090 173.6446 0044592 306.3877  53.2728  6.38664402375579
1 08820U 76039A   03145.56357134  .00000015  00000-0  10000-3 0  9293
2 08820 109.8073 173.8599 0044584 306.2235  53.4368  6.38664506375611
1 08820U 76039A   03146.65970985  .00000017  00000-0  10000-3 0  9381
2 08820 109.8067 174.2343 0044653 305.9837  53.6748  6.38664577375686
1 08820U 76039A   03147.75584834  .00000018  00000-0  10000-3 0  9502
2 08820 109.8064 174.6095 0044657 305.7076  53.9494  6.38664606375750
1 08820U 76039A   03148.85198907  .00000017  00000-0  10000-3 0  9202
2 08820 109.8063 174.9850 0044637 305.4791  54.1781  6.38664519375823
1 08820U 76039A   03149.94812843  .00000016  00000-0  10000-3 0  9293
2 08820 109.8063 175.3598 0044614 305.2689  54.3871  6.38664509375894
1 08820U 76039A   03150.57449407  .00000015  00000-0  10000-3 0  9330
2 08820 109.8062 175.5740 0044612 305.1602  54.4950  6.38664489375937
1 08820U 76039A   03151.98381506  .00000014  00000-0  10000-3 0  9431
2 08820 109.8061 176.0562 0044608 304.8692  54.7839  6.38664519376028
1 08820U 76039A   03152.92336290  .00000013  00000-0  10000-3 0  9525
2 08820 109.8052 176.3778 0044637 304.6679  54.9810  6.38664377376084
1 08820U 76039A   03153.07995502  .00000013  00000-0  10000-3 0  9215
2 08820 109.8053 176.4313 0044639 304.6252  55.0257  6.38664388376090
1 08820U 76039A   03153.70632016  .00000013  00000-0  10000-3 0  9257
2 08820 109.8052 176.6457 0044630 304.4825  55.1672  6.38664385376139
1 08820U 76039A   03154.95905053  .00000014  00000-0  10000-3 0  9362
2 08820 109.8051 177.0744 0044614 304.2068  55.4411  6.38664392376212
1 08820U 76039A   03155.58541599  .00000015  00000-0  10000-3 0  9443
2 08820 109.8050 177.2884 0044604 304.0576  55.5896  6.38664388376256
1 08820U 76039A   03156.83814674  .00000017  00000-0  10000-3 0  9485
2 08820 109.8048 177.7172 0044606 303.8210  55.8248  6.38664388376335
1 08820U 76039A   03157.15132958  .00000018  00000-0  10000-3 0  9222
2 08820 109.8048 177.8244 0044601 303.7565  55.8892  6.38664385376357
1 08820U 76039A   03157.93428617  .00000020  00000-0  10000-3 0  9276
2 08820 109.8047 178.0922 0044592 303.5947  56.0503  6.38664396376403
1 08820U 76039A   03158.71724258  .00000021  00000-0  10000-3 0  9353
2 08820 109.8046 178.3601 0044575 303.4133  56.2314  6.38664417376457
1 08820U 76039A   03159.96997371  .00000024  00000-0  10000-3 0  9419
2 08820 109.8044 178.7890 0044584 303.1813  56.4629  6.38664414376538
1 08820U 76039A   03160.59633891  .00000024  00000-0  10000-3 0  9492
2 08820 109.8043 179.0033 0044573 303.0410  56.6028  6.38664424376570
1 08820U 76039A   03161.22270428  .00000024  00000-0  10000-3 0  9238
2 08820 109.8044 179.2176 0044577 302.9161  56.7270  6.38664424376611
1 08820U 76039A   03161.69247827  .00000024  00000-0  10000-3 0  9269
2 08820 109.8043 179.3782 0044576 302.7957  56.8464  6.38664418376646
1 08820U 76039A   03162.94520900  .00000021  00000-0  10000-3 0  9395
2 08820 109.8044 179.8066 0044590 302.5289  57.1116  6.38664420376729
1 08820U 76039A   03163.57157399  .00000019  00000-0  10000-3 0  9457
2 08820 109.8043 180.0209 0044570 302.3786  57.2612  6.38664429376764
1 08820U 76039A   03164.98089435  .00000012  00000-0  10000-3 0  9574
2 08820 109.8043 180.5032 0044522 302.0763  57.5606  6.38664508376856
1 08820U 76039A   03165.13748587  .00000012  00000-0  10000-3 0  9246
2 08820 109.8033 180.5573 0044491 302.0430  57.5931  6.38664468376868
1 08820U 76039A   03165.92044232  .00000008  00000-0  10000-3 0  9334
2 08820 109.8037 180.8250 0044503 301.8710  57.7640  6.38664470376917
1 08820U 76039A   03166.85999026  .00000005  00000-0  10000-3 0  9389
2 08820 109.8035 181.1467 0044472 301.6761  57.9573  6.38664446376974
1 08820U 76039A   03167.95612937  .00000003  00000-0  10000-3 0  9438
2 08820 109.8033 181.5218 0044481 301.4463  58.1850  6.38664438377048
1 08820U 76039A   03168.58249489  .00000002  00000-0  10000-3 0  9491
2 08820 109.8034 181.7362 0044485 301.3260  58.3045  6.38664419377080
1 08820U 76039A   03169.36545147  .00000003  00000-0  10000-3 0  9253
2 08820 109.8031 182.0033 0044516 301.2268  58.4024  6.38664438377133
1 08820U 76039A   03169.67863432  .00000003  00000-0  10000-3 0  9279
2 08820 109.8030 182.1105 0044542 301.1715  58.4572  6.38664427377156
1 08820U 76039A   03170.93136462  .00000007  00000-0  10000-3 0  9359
2 08820 109.8028 182.5393 0044542 300.9214  58.7062  6.38664431377238
1 08820U 76039A   03171.40113877  .00000008  00000-0  10000-3 0  9268
2 08820 109.8031 182.7004 0044539 300.7574  58.8693  6.38664388377261
1 08820U 76039A   03171.87091342  .00000010  00000-0  10000-3 0  9286
2 08820 109.8029 182.8610 0044536 300.6560  58.9716  6.38664390377296
1 08820U 76039A   03172.18409644  .00000011  00000-0  10000-3 0  9279
2 08820 109.8029 182.9684 0044537 300.6137  59.0142  6.38664378377313
1 08820U 76039A   03172.96705353  .00000014  00000-0  10000-3 0  9308
2 08820 109.8031 183.2364 0044531 300.4236  59.2039  6.38664363377363
1 08820U 76039A   03173.59341892  .00000016  00000-0  10000-3 0  9371
2 08820 109.8030 183.4509 0044520 300.2899  59.3377  6.38664386377402
1 08820U 76039A   03174.53296751  .00000018  00000-0  10000-3 0  9450
2 08820 109.8029 183.7722 0044521 300.1053  59.5221  6.38664378377469
1 08820U 76039A   03175.94229019  .00000019  00000-0  10000-3 0  9539
2 08820 109.8031 184.2543 0044579 299.7829  59.8430  6.38664354377555
1 08820U 76039A   03176.41206444  .00000019  00000-0  10000-3 0  9281
2 08820 109.8033 184.4157 0044540 299.7172  59.9101  6.38664359377583
1 08820U 76039A   03176.88183847  .00000019  00000-0  10000-3 0  9339
2 08820 109.8049 184.5772 0044541 299.5287  60.0966  6.38664289377618
1 08820U 76039A   03177.97797639  .00000018  00000-0  10000-3 0  9441
2 08820 109.8050 184.9518 0044567 299.2804  60.3435  6.38664407377685
1 08820U 76039A   03178.91752324  .00000016  00000-0  10000-3 0  9536
2 08820 109.8046 185.2730 0044628 299.1559  60.4662  6.38664475377749
1 08820U 76039A   03179.85707202  .00000015  00000-0  10000-3 0  9635
2 08820 109.8031 185.5938 0044598 298.9952  60.6261  6.38664443377805
1 08820U 76039A   03180.48343739  .00000015  00000-0  10000-3 0  9299
2 08820 109.8030 185.8081 0044594 298.8815  60.7391  6.38664441377846
1 08820U 76039A   03180.95321143  .00000014  00000-0  10000-3 0  9318
2 08820 109.8027 185.9686 0044600 298.7635  60.8562  6.38664430377873
1 08820U 76039A   03181.89275945  .00000014  00000-0  10000-3 0  9400
2 08820 109.8025 186.2903 0044631 298.6419  60.9760  6.38664416377932
1 08820U 76039A   03182.98889790  .00000014  00000-0  10000-3 0  9567
2 08820 109.8034 186.6654 0044618 298.3609  61.2561  6.38664480378005
1 08820U 76039A   03183.92844680  .00000015  00000-0  10000-3 0  9663
2 08820 109.8048 186.9868 0044538 298.1917  61.4244  6.38664410378060
1 08820U 76039A   03184.86799466  .00000017  00000-0  10000-3 0  9301
2 08820 109.8057 187.3074 0044592 297.9089  61.7053  6.38664404378122
1 08820U 76039A   03185.96413389  .00000019  00000-0  10000-3 0  9379
2 08820 109.8056 187.6826 0044596 297.6842  61.9293  6.38664425378195
1 08820U 76039A   03186.90368161  .00000021  00000-0  10000-3 0  9497
2 08820 109.8054 188.0043 0044583 297.4099  62.2029  6.38664446378258
1 08820U 76039A   03187.84322966  .00000022  00000-0  10000-3 0  9608
2 08820 109.8050 188.3256 0044558 297.2011  62.4112  6.38664461378316
1 08820U 76039A   03188.93936914  .00000023  00000-0  10000-3 0  9671
2 08820 109.8051 188.7005 0044563 296.9720  62.6397  6.38664468378383
1 08820U 76039A   03189.09596051  .00000023  00000-0  10000-3 0  9314
2 08820 109.8051 188.7541 0044565 296.9386  62.6730  6.38664465378397
1 08820U 76039A   03189.87891716  .00000022  00000-0  10000-3 0  9348
2 08820 109.8052 189.0220 0044557 296.7712  62.8395  6.38664463378441
1 08820U 76039A   03190.97505623  .00000020  00000-0  10000-3 0  9427
2 08820 109.8051 189.3970 0044552 296.5209  63.0886  6.38664473378516
1 08820U 76039A   03191.91460491  .00000016  00000-0  10000-3 0  9486
2 08820 109.8042 189.7186 0044583 296.3670  63.2411  6.38664443378572
1 08820U 76039A   03192.85415247  .00000012  00000-0  10000-3 0  9531
2 08820 109.8044 190.0402 0044574 296.1066  63.4994  6.38664431378639
1 08820U 76039A   03193.48051706  .00000009  00000-0  10000-3 0  9320
2 08820 109.8059 190.2545 0044584 295.9704  63.6345  6.38664429378675
1 08820U 76039A   03193.95029144  .00000007  00000-0  10000-3 0  9387
2 08820 109.8057 190.4152 0044576 295.8379  63.7657  6.38664379378702
1 08820U 76039A   03194.88983879  .00000003  00000-0  10000-3 0  9458
2 08820 109.8056 190.7366 0044554 295.6454  63.9564  6.38664402378761
1 08820U 76039A   03195.82938688  .00000001  00000-0  10000-3 0  9538
2 08820 109.8053 191.0580 0044538 295.4251  64.1754  6.38664393378825
1 08820U 76039A   03196.76893465  .00000001  00000-0  10000-3 0  9591
2 08820 109.8047 191.3797 0044521 295.2595  64.3400  6.38664409378886
1 08820U 76039A   03197.39530014  .00000001  00000-0  10000-3 0  9331
2 08820 109.8003 191.5952 0044563 294.9716  64.6261  6.38664374378924
1 08820U 76039A   03197.86507479  .00000002  00000-0  10000-3 0  9355
2 08820 109.8019 191.7558 0044552 294.8312  64.7662  6.38664327378951
1 08820U 76039A   03198.33484807  .00000003  00000-0  10000-3 0  9347
2 08820 109.8033 191.9164 0044512 294.8029  64.7950  6.38664421378981
1 08820U 76039A   03198.64803083  .00000004  00000-0  10000-3 0  9354
2 08820 109.8033 192.0232 0044510 294.7507  64.8467  6.38664419379002
1 08820U 76039A   03199.58757919  .00000007  00000-0  10000-3 0  9379
2 08820 109.8033 192.3447 0044508 294.5494  65.0478  6.38664417379062
1 08820U 76039A   03200.68371862  .00000011  00000-0  10000-3 0  9401
2 08820 109.8036 192.7200 0044517 294.2988  65.2975  6.38664429379136
1 08820U 76039A   03201.77985878  .00000014  00000-0  10000-3 0  9458
2 08820 109.8033 193.0947 0044515 294.0109  65.5854  6.38664407379209
1 08820U 76039A   03202.56281585  .00000016  00000-0  10000-3 0  9351
2 08820 109.8034 193.3629 0044512 293.8245  65.7723  6.38664417379258
1 08820U 76039A   03202.56281587  .00000016  00000-0  10000-3 0  9364
2 08820 109.8034 193.3628 0044523 293.8354  65.7611  6.38664407379255
1 08820U 76039A   03203.03258988  .00000016  00000-0  10000-3 0  9366
2 08820 109.8034 193.5235 0044528 293.7121  65.8857  6.38664455379286
1 08820U 76039A   03203.65895434  .00000017  00000-0  10000-3 0  9403
2 08820 109.8036 193.7378 0044553 293.5631  66.0327  6.38664476379323
1 08820U 76039A   03204.28532010  .00000017  00000-0  10000-3 0  9434
2 08820 109.8040 193.9518 0044562 293.4516  66.1445  6.38664475379362
1 08820U 76039A   03205.85123381  .00000016  00000-0  10000-3 0  9502
2 08820 109.8051 194.4872 0044511 293.1418  66.4529  6.38664433379466
1 08820U 76039A   03206.16441682  .00000016  00000-0  10000-3 0  9379
2 08820 109.8051 194.5944 0044514 293.0825  66.5127  6.38664432379487
1 08820U 76039A   03206.63419073  .00000015  00000-0  10000-3 0  9391
2 08820 109.8052 194.7552 0044519 292.9761  66.6181  6.38664422379511
1 08820U 76039A   03207.41714743  .00000014  00000-0  10000-3 0  9434
2 08820 109.8054 195.0233 0044521 292.7919  66.8015  6.38664412379561
1 08820U 76039A   03208.35669523  .00000013  00000-0  10000-3 0  9386
2 08820 109.8066 195.3444 0044531 292.5840  67.0074  6.38664373379624
1 08820U 76039A   03209.13965159  .00000012  00000-0  10000-3 0  9397
2 08820 109.8070 195.6129 0044498 292.4097  67.1815  6.38664400379677
1 08820U 76039A   03210.86215567  .00000012  00000-0  10000-3 0  9435
2 08820 109.8078 196.2018 0044499 292.0799  67.5091  6.38664433379783
1 08820U 76039A   03211.95829330  .00000012  00000-0  10000-3 0  9514
2 08820 109.8073 196.5764 0044538 291.8828  67.7043  6.38664581379854
1 08820U 76039A   03212.11488472  .00000013  00000-0  10000-3 0  9534
2 08820 109.8074 196.6302 0044528 291.8541  67.7329  6.38664568379868
1 08820U 76039A   03213.36761597  .00000014  00000-0  10000-3 0  9401
2 08820 109.8069 197.0582 0044575 291.6500  67.9368  6.38664555379942
1 08820U 76039A   03213.83738955  .00000015  00000-0  10000-3 0  9417
2 08820 109.8068 197.2190 0044573 291.5450  68.0404  6.38664552379972
1 08820U 76039A   03214.15057232  .00000016  00000-0  10000-3 0  9438
2 08820 109.8068 197.3261 0044562 291.5060  68.0788  6.38664533379993
1 08820U 76039A   03215.55989523  .00000018  00000-0  10000-3 0  9476
2 08820 109.8066 197.8085 0044593 291.2366  68.3476  6.38664485380085
1 08820U 76039A   03216.18626034  .00000019  00000-0  10000-3 0  9494
2 08820 109.8060 198.0234 0044623 291.1163  68.4680  6.38664513380121
1 08820U 76039A   03217.90876541  .00000018  00000-0  10000-3 0  9517
2 08820 109.8061 198.6128 0044636 290.7523  68.8310  6.38664499380238
1 08820U 76039A   03218.06535680  .00000018  00000-0  10000-3 0  9410
2 08820 109.8060 198.6664 0044630 290.7131  68.8699  6.38664491380244
1 08820U 76039A   03218.53513186  .00000017  00000-0  10000-3 0  9429
2 08820 109.8066 198.8275 0044607 290.7674  68.8136  6.38664267380276
1 08820U 76039A   03219.16149811  .00000015  00000-0  10000-3 0  9438
2 08820 109.8068 199.0416 0044618 290.6027  68.9798  6.38664269380313
1 08820U 76039A   03219.94445524  .00000012  00000-0  10000-3 0  9486
2 08820 109.8068 199.3094 0044635 290.4072  69.1748  6.38664257380365
1 08820U 76039A   03220.88400311  .00000008  00000-0  10000-3 0  9526
2 08820 109.8070 199.6307 0044644 290.1767  69.4033  6.38664236380420
1 08820U 76039A   03221.82354967  .00000003  00000-0  10000-3 0  9598
2 08820 109.8075 199.9520 0044676 289.9915  69.5867  6.38664328380485
1 08820U 76039A   03222.76309715 -.00000001  00000-0  10000-3 0  9671
2 08820 109.8073 200.2735 0044629 289.7324  69.8439  6.38664339380544
1 08820U 76039A   03223.38946230 -.00000002  00000-0  10000-3 0  9445
2 08820 109.8073 200.4878 0044618 289.5981  69.9776  6.38664357380588
1 08820U 76039A   03223.54605375 -.00000003  00000-0  10000-3 0  9468
2 08820 109.8072 200.5414 0044640 289.5978  69.9767  6.38664329380595
1 08820U 76039A   03224.79878466 -.00000004  00000-0  10000-3 0  9482
2 08820 109.8065 200.9702 0044626 289.2971  70.2755  6.38664310380676
1 08820U 76039A   03225.89492448 -.00000003  00000-0  10000-3 0  9564
2 08820 109.8067 201.3455 0044636 289.0507  70.5222  6.38664321380744
1 08820U 76039A   03226.83447212 -.00000001  00000-0  10000-3 0  9623
2 08820 109.8066 201.6671 0044639 288.8358  70.7363  6.38664345380801
1 08820U 76039A   03227.61742907  .00000002  00000-0  10000-3 0  9450
2 08820 109.8065 201.9351 0044607 288.6597  70.9128  6.38664361380850
1 08820U 76039A   03228.55697745  .00000005  00000-0  10000-3 0  9478
2 08820 109.8064 202.2574 0044610 288.4232  71.1491  6.38664403380918
1 08820U 76039A   03228.55697779  .00000005  00000-0  10000-3 0  9464
2 08820 109.8065 202.2574 0044614 288.4223  71.1507  6.38664400380918
1 08820U 76039A   03229.65311731  .00000008  00000-0  10000-3 0  9516
2 08820 109.8068 202.6324 0044615 288.1752  71.3969  6.38664396380988
1 08820U 76039A   03230.12289159  .00000010  00000-0  10000-3 0  9533
2 08820 109.8068 202.7933 0044614 288.0713  71.5012  6.38664402381014
1 08820U 76039A   03231.45665609  .00000012  00000-0  10000-3 0  9484
2 08820 109.8076 203.2501 0044585 287.7770 258.0904  6.38664415381090
1 08820U 76039A   03231.68880525  .00000012  00000-0  10000-3 0  9496
2 08820 109.8076 203.3295 0044582 287.7172  71.8555  6.38664410381115
1 08820U 76039A   03232.62835320  .00000013  00000-0  10000-3 0  9530
2 08820 109.8076 203.6506 0044515 287.5189  72.0546  6.38664474381174
1 08820U 76039A   03233.09812736  .00000013  00000-0  10000-3 0  9561
2 08820 109.8078 203.8113 0044515 287.4171  72.1564  6.38664475381208
1 08820U 76039A   03234.50744946  .00000011  00000-0  10000-3 0  9596
2 08820 109.8079 204.2937 0044525 287.1392  72.4330  6.38664467381295
1 08820U 76039A   03235.91677155  .00000009  00000-0  10000-3 0  9495
2 08820 109.8080 204.7759 0044521 286.8247  72.7465  6.38664466381386
1 08820U 76039A   03236.69972815  .00000008  00000-0  10000-3 0  9570
2 08820 109.8077 205.0438 0044526 286.6339  72.9359  6.38664454381432
1 08820U 76039A   03237.79586560  .00000007  00000-0  10000-3 0  9591
2 08820 109.8079 205.4194 0044565 286.2524  73.3154  6.38664491381509
1 08820U 76039A   03238.89200414  .00000006  00000-0  10000-3 0  9661
2 08820 109.8089 205.7943 0044557 286.0106  73.5564  6.38664553381573
1 08820U 76039A   03239.83155170  .00000006  00000-0  10000-3 0  9697
2 08820 109.8088 206.1156 0044556 285.8277  73.7377  6.38664555381631
1 08820U 76039A   03240.14473434  .00000007  00000-0  10000-3 0  9500
2 08820 109.8087 206.2228 0044555 285.7589  73.8063  6.38664554381659
1 08820U 76039A   03240.61450808  .00000007  00000-0  10000-3 0  9568
2 08820 109.8093 206.3837 0044518 285.6269  73.9378  6.38664554381689
1 08820U 76039A   03241.08428223  .00000008  00000-0  10000-3 0  9590
2 08820 109.8095 206.5446 0044502 285.5521  74.0122  6.38664540381710
1 08820U 76039A   03242.65019654  .00000010  00000-0  10000-3 0  9669
2 08820 109.8101 207.0804 0044460 285.2205  74.3441  6.38664482381814
1 08820U 76039A   03243.27656234  .00000011  00000-0  10000-3 0  9727
2 08820 109.8102 207.2949 0044457 285.1054  74.4595  6.38664474381850
1 08820U 76039A   03244.68588469  .00000013  00000-0  10000-3 0  9516
2 08820 109.8102 207.7777 0044479 284.8219  74.7421  6.38664451381943
1 08820U 76039A   03245.62543303  .00000012  00000-0  10000-3 0  9563
2 08820 109.8103 208.0992 0044453 284.6214  74.9433  6.38664470382006
1 08820U 76039A   03246.56498149  .00000011  00000-0  10000-3 0  9529
2 08820 109.8106 208.4211 0044447 284.4974  75.0668  6.38664446382062
1 08820U 76039A   03246.87816424  .00000010  00000-0  10000-3 0  9544
2 08820 109.8106 208.5283 0044464 284.4127  75.1520  6.38664464382081
1 08820U 76039A   03247.50452937  .00000008  00000-0  10000-3 0  9592
2 08820 109.8107 208.7427 0044430 284.3318  75.2322  6.38664483382125
1 08820U 76039A   03248.44407724  .00000003  00000-0  10000-3 0  9539
2 08820 109.8111 209.0644 0044440 284.1193  75.4420  6.38664400382181
1 08820U 76039A   03248.60066923  .00000003  00000-0  10000-3 0  9540
2 08820 109.8112 209.1178 0044462 284.1076  75.4543  6.38664375382197
1 08820U 76039A   03249.69680853 -.00000003  00000-0  10000-3 0  9589
2 08820 109.8114 209.4932 0044459 283.8622  75.6987  6.38664377382263
1 08820U 76039A   03250.79294826 -.00000007  00000-0  10000-3 0  9644
2 08820 109.8119 209.8685 0044453 283.6153  75.9440  6.38664309382338
1 08820U 76039A   03251.73249624 -.00000010  00000-0  10000-3 0  9694
2 08820 109.8120 210.1901 0044449 283.4231  76.1350  6.38664310382397
1 08820U 76039A   03252.51545247 -.00000011  00000-0  10000-3 0  9546
2 08820 109.8120 210.4582 0044457 283.2302  76.3270  6.38664336382448
1 08820U 76039A   03252.82863522 -.00000011  00000-0  10000-3 0  9561
2 08820 109.8120 210.5653 0044462 283.1661  76.3906  6.38664332382465
1 08820U 76039A   03253.76818297 -.00000011  00000-0  10000-3 0  9609
2 08820 109.8124 210.8869 0044437 282.9819  76.5748  6.38664368382527
1 08820U 76039A   03254.23795670 -.00000010  00000-0  10000-3 0  9644
2 08820 109.8128 211.0475 0044414 282.9040  76.6527  6.38664399382551
1 08820U 76039A   03255.80387015 -.00000005  00000-0  10000-3 0  9721
2 08820 109.8130 211.5837 0044470 282.5602  76.9966  6.38664417382655
1 08820U 76039A   03256.43023514 -.00000003  00000-0  10000-3 0  9786
2 08820 109.8137 211.7977 0044466 282.5000  77.0566  6.38664496382695
1 08820U 76039A   03257.05660071 -.00000000  00000-0  10000-3 0  9552
2 08820 109.8137 212.0121 0044460 282.3746  77.1820  6.38664492382734
1 08820U 76039A   03257.83955809  .00000002  00000-0  10000-3 0  9601
2 08820 109.8137 212.2800 0044464 282.2032  77.3539  6.38664475382786
1 08820U 76039A   03258.30933159  .00000003  00000-0  10000-3 0  9564
2 08820 109.8148 212.4406 0044482 282.1469  77.4103  6.38664581382815
1 08820U 76039A   03258.46592297  .00000004  00000-0  10000-3 0  9588
2 08820 109.8147 212.4942 0044506 282.1497  77.4067  6.38664549382821
1 08820U 76039A   03259.87524544  .00000006  00000-0  10000-3 0  9665
2 08820 109.8149 212.9764 0044510 281.8868  77.6711  6.38664586382912
1 08820U 76039A   03260.81479450  .00000007  00000-0  10000-3 0  9735
2 08820 109.8148 213.2978 0044467 281.6578  77.9007  6.38664540382976
1 08820U 76039A   03261.91093381  .00000006  00000-0  10000-3 0  9797
2 08820 109.8150 213.6730 0044457 281.4114  78.1470  6.38664551383040
1 08820U 76039A   03262.38070770  .00000005  00000-0  10000-3 0  9571
2 08820 109.8151 213.8341 0044461 281.2963  78.2621  6.38664550383077
1 08820U 76039A   03262.85048161  .00000005  00000-0  10000-3 0  9606
2 08820 109.8151 213.9948 0044461 281.1931  78.3649  6.38664553383103
1 08820U 76039A   03263.94661971  .00000003  00000-0  10000-3 0  9683
2 08820 109.8154 214.3703 0044498 280.9212  78.6355  6.38664580383173
1 08820U 76039A   03264.88616728  .00000002  00000-0  10000-3 0  9787
2 08820 109.8157 214.6917 0044476 280.7068  78.8491  6.38664593383233
1 08820U 76039A   03265.35594207  .00000001  00000-0  10000-3 0  9584
2 08820 109.8170 214.8515 0044421 280.6924  78.8626  6.38664526383263
1 08820U 76039A   03265.82571656  .00000000  00000-0  10000-3 0  9645
2 08820 109.8171 215.0124 0044436 280.5991  78.9565  6.38664515383296
1 08820U 76039A   03266.92185542 -.00000001  00000-0  10000-3 0  9767
2 08820 109.8177 215.3874 0044442 280.4022  79.1522  6.38664527383365
1 08820U 76039A   03267.39162926 -.00000001  00000-0  10000-3 0  9591
2 08820 109.8171 215.5485 0044463 280.3160  79.2378  6.38664523383393
1 08820U 76039A   03267.86140315 -.00000001  00000-0  10000-3 0  9647
2 08820 109.8171 215.7093 0044460 280.2100  79.3435  6.38664525383421
1 08820U 76039A   03268.80095088 -.00000000  00000-0  10000-3 0  9704
2 08820 109.8174 216.0311 0044465 279.9887  79.5639  6.38664519383480
1 08820U 76039A   03269.89709052  .00000001  00000-0  10000-3 0  9796
2 08820 109.8176 216.4063 0044454 279.7294  79.8230  6.38664501383557
1 08820U 76039A   03270.83663933  .00000003  00000-0  10000-3 0  9858
2 08820 109.8174 216.7276 0044471 279.5081  80.0443  6.38664467383613
1 08820U 76039A   03271.46300492  .00000004  00000-0  10000-3 0  9600
2 08820 109.8174 216.9420 0044477 279.3680  80.1839  6.38664450383651
1 08820U 76039A   03271.93277915  .00000004  00000-0  10000-3 0  9650
2 08820 109.8175 217.1028 0044480 279.2702  80.2821  6.38664453383685
1 08820U 76039A   03272.87232824  .00000005  00000-0  10000-3 0  9745
2 08820 109.8184 217.4248 0044416 279.0496  80.5037  6.38664332383744
1 08820U 76039A   03273.81187554  .00000005  00000-0  10000-3 0  9873
2 08820 109.8186 217.7470 0044411 278.8192  80.7344  6.38664417383805
1 08820U 76039A   03274.90801504  .00000003  00000-0  10000-3 0  9959
2 08820 109.8192 218.1221 0044384 278.5629  80.9906  6.38664423383872
1 08820U 76039A   03275.84756255 -.00000001  00000-0  10000-3 0  9617
2 08820 109.8193 218.4436 0044373 278.3497  81.2035  6.38664462383930
1 08820U 76039A   03276.78711001 -.00000005  00000-0  10000-3 0  9705
2 08820 109.8192 218.7656 0044390 278.1249  81.4273  6.38664472383991
1 08820U 76039A   03277.57006627 -.00000009  00000-0  10000-3 0  9629
2 08820 109.8201 219.0334 0044367 277.9622  81.5886  6.38664488384040
1 08820U 76039A   03277.72665793 -.00000010  00000-0  10000-3 0  9645
2 08820 109.8201 219.0870 0044368 277.9424  81.6089  6.38664480384055
1 08820U 76039A   03278.82279678 -.00000015  00000-0  10000-3 0  9768
2 08820 109.8204 219.4627 0044394 277.6624  81.8873  6.38664460384129
1 08820U 76039A   03279.29257066 -.00000016  00000-0  10000-3 0  9634
2 08820 109.8197 219.6236 0044382 277.5450  82.0054  6.38664510384154
1 08820U 76039A   03279.91893535 -.00000018  00000-0  10000-3 0  9665
2 08820 109.8198 219.8381 0044383 277.4115  82.1373  6.38664512384197
1 08820U 76039A   03280.85848316 -.00000019  00000-0  10000-3 0  9769
2 08820 109.8200 220.1596 0044371 277.2623  82.2860  6.38664548384251
1 08820U 76039A   03281.95462269 -.00000018  00000-0  10000-3 0  9837
2 08820 109.8202 220.5352 0044350 277.0557  82.4925  6.38664540384322
1 08820U 76039A   03282.42439731 -.00000017  00000-0  10000-3 0  9646
2 08820 109.8209 220.6952 0044369 277.0092  82.5397  6.38664531384357
1 08820U 76039A   03282.89417044 -.00000015  00000-0  10000-3 0  9682
2 08820 109.8210 220.8561 0044347 276.9539  82.5946  6.38664595384380
1 08820U 76039A   03283.36394449 -.00000014  00000-0  10000-3 0  9654
2 08820 109.8207 221.0177 0044323 276.7756  82.7727  6.38664561384411
1 08820U 76039A   03283.83371890 -.00000012  00000-0  10000-3 0  9705
2 08820 109.8205 221.1786 0044328 276.6667  82.8822  6.38664552384441
1 08820U 76039A   03284.46008479 -.00000010  00000-0  10000-3 0  9668
2 08820 109.8207 221.3931 0044328 276.5257  83.0243  6.38664543384485
1 08820U 76039A   03284.77326730 -.00000008  00000-0  10000-3 0  9684
2 08820 109.8207 221.5003 0044330 276.4589  83.0908  6.38664544384509
1 08820U 76039A   03285.86940674 -.00000004  00000-0  10000-3 0  9770
2 08820 109.8210 221.8758 0044339 276.2140  83.3366  6.38664559384577
1 08820U 76039A   03286.80895449 -.00000002  00000-0  10000-3 0  9840
2 08820 109.8212 222.1973 0044379 275.9947  83.5562  6.38664577384634
1 08820U 76039A   03287.27872789 -.00000001  00000-0  10000-3 0  9674
2 08820 109.8205 222.3590 0044378 275.9246  83.6243  6.38664567384663
1 08820U 76039A   03287.90509457  .00000000  00000-0  10000-3 0  9693
2 08820 109.8207 222.5734 0044373 275.7930  83.7589  6.38664562384704
1 08820U 76039A   03288.84464227  .00000001  00000-0  10000-3 0  9828
2 08820 109.8219 222.8953 0044353 275.6025  83.9502  6.38664600384761
1 08820U 76039A   03289.78419025  .00000001  00000-0  10000-3 0  9930
2 08820 109.8214 223.2171 0044345 275.3621  84.1911  6.38664609384826
1 08820U 76039A   03290.72373810 -.00000000  00000-0  10000-3 0  9982
2 08820 109.8217 223.5388 0044341 275.1577  84.3951  6.38664601384880
1 08820U 76039A   03291.50669477 -.00000002  00000-0  10000-3 0  9685
2 08820 109.8217 223.8070 0044345 275.0002  84.5525  6.38664596384935
1 08820U 76039A   03292.75942584 -.00000004  00000-0  10000-3 0  9790
2 08820 109.8222 224.2358 0044351 274.7604  84.7919  6.38664568385014
1 08820U 76039A   03293.85556399 -.00000006  00000-0  10000-3 0  9980
2 08820 109.8221 224.6111 0044340 274.4904  85.0610  6.38664607385085
1 08820U 76039A   03294.79511159 -.00000007  00000-0  10000-3 0    59
2 08820 109.8222 224.9331 0044340 274.3055  85.2451  6.38664605385149
1 08820U 76039A   03295.89125128 -.00000007  00000-0  10000-3 0  9697
2 08820 109.8220 225.3092 0044388 274.0990  85.4503  6.38664465385215
1 08820U 76039A   03296.83079934 -.00000007  00000-0  10000-3 0  9820
2 08820 109.8221 225.6308 0044392 273.8975  85.6515  6.38664455385274
1 08820U 76039A   03297.77034751 -.00000006  00000-0  10000-3 0  9977
2 08820 109.8218 225.9528 0044366 273.7559  85.7932  6.38664470385333
1 08820U 76039A   03298.70989576 -.00000004  00000-0  10000-3 0    53
2 08820 109.8219 226.2745 0044365 273.5617  85.9877  6.38664473385390
1 08820U 76039A   03299.96262633 -.00000001  00000-0  10000-3 0   169
2 08820 109.8221 226.7036 0044361 273.3042  86.2459  6.38664509385476
1 08820U 76039A   03300.11921778 -.00000001  00000-0  10000-3 0  9700
2 08820 109.8222 226.7571 0044366 273.2745  86.2762  6.38664521385487
1 08820U 76039A   03300.90217463 -.00000000  00000-0  10000-3 0  9806
2 08820 109.8223 227.0250 0044370 273.1028  86.4480  6.38664520385538
1 08820U 76039A   03301.84172317 -.00000000  00000-0  10000-3 0  9909
2 08820 109.8224 227.3465 0044378 272.8650  86.6863  6.38664501385597
1 08820U 76039A   03302.78127141 -.00000002  00000-0  10000-3 0    46
2 08820 109.8228 227.6683 0044376 272.6645  86.8868  6.38664486385652
1 08820U 76039A   03303.72081955 -.00000005  00000-0  10000-3 0   158
2 08820 109.8234 227.9891 0044436 272.5257  87.0255  6.38664490385713
1 08820U 76039A   03304.81695835 -.00000010  00000-0  10000-3 0  9770
2 08820 109.8237 228.3645 0044417 272.2648  87.2859  6.38664509385788
1 08820U 76039A   03305.75650588 -.00000015  00000-0  10000-3 0  9832
2 08820 109.8239 228.6863 0044411 272.0599  87.4901  6.38664519385840
1 08820U 76039A   03306.85264440 -.00000020  00000-0  10000-3 0  9928
2 08820 109.8241 229.0618 0044397 271.8093  87.7399  6.38664538385918
1 08820U 76039A   03307.79219151 -.00000022  00000-0  10000-3 0    36
2 08820 109.8247 229.3838 0044380 271.6023  87.9467  6.38664565385978
1 08820U 76039A   03308.73173934 -.00000023  00000-0  10000-3 0  9747
2 08820 109.8248 229.7055 0044380 271.3997  88.1486  6.38664560386038
1 08820U 76039A   03309.82787710 -.00000022  00000-0  10000-3 0  9830
2 08820 109.8271 230.0796 0044489 271.0883  88.4587  6.38664669386105
1 08820U 76039A   03310.76742513 -.00000020  00000-0  10000-3 0  9925
2 08820 109.8272 230.4015 0044486 270.9215  88.6259  6.38664664386167
1 08820U 76039A   03311.86356484 -.00000016  00000-0  10000-3 0    00
2 08820 109.8274 230.7771 0044468 270.7123  88.8361  6.38664647386232
1 08820U 76039A   03312.80311362 -.00000012  00000-0  10000-3 0  9758
2 08820 109.8277 231.0988 0044452 270.4993  89.0506  6.38664623386298
1 08820U 76039A   03313.89925329 -.00000007  00000-0  10000-3 0  9857
2 08820 109.8276 231.4746 0044437 270.3063  89.2449  6.38664624386360
1 08820U 76039A   03314.83880122 -.00000004  00000-0  10000-3 0  9928
2 08820 109.8272 231.7968 0044437 270.1121  89.4404  6.38664643386429
1 08820U 76039A   03315.77834929 -.00000002  00000-0  10000-3 0  9991
2 08820 109.8274 232.1184 0044438 269.8886  89.6648  6.38664649386484
1 08820U 76039A   03316.71789767 -.00000001  00000-0  10000-3 0  9747
2 08820 109.8277 232.4403 0044439 269.6909  89.8638  6.38664642386540
1 08820U 76039A   03317.81403735 -.00000001  00000-0  10000-3 0  9815
2 08820 109.8282 232.8158 0044429 269.4329  90.1230  6.38664632386610
1 08820U 76039A   03318.75358476 -.00000002  00000-0  10000-3 0  9877
2 08820 109.8284 233.1377 0044416 269.2084  90.3478  6.38664648386670
1 08820U 76039A   03319.69313311 -.00000003  00000-0  10000-3 0  9938
2 08820 109.8285 233.4594 0044378 269.0167  90.5397  6.38664635386737
1 08820U 76039A   03320.78927165 -.00000005  00000-0  10000-3 0  9750
2 08820 109.8271 233.8351 0044427 268.7970  90.7590  6.38664690386806
1 08820U 76039A   03321.72881904 -.00000007  00000-0  10000-3 0  9847
2 08820 109.8276 234.1572 0044426 268.5756  90.9798  6.38664682386868
1 08820U 76039A   03322.82495801 -.00000008  00000-0  10000-3 0  9915
2 08820 109.8278 234.5326 0044415 268.3779  91.1767  6.38664668386933
1 08820U 76039A   03323.76450644 -.00000009  00000-0  10000-3 0  9994
2 08820 109.8282 234.8546 0044361 268.1029  91.4518  6.38664622386994
1 08820U 76039A   03324.70405423 -.00000008  00000-0  10000-3 0    40
2 08820 109.8289 235.1779 0044283 267.9268  91.6283  6.38664614387058
1 08820U 76039A   03325.17382826 -.00000008  00000-0  10000-3 0  9761
2 08820 109.8291 235.3389 0044275 267.8725  91.6818  6.38664560387085
1 08820U 76039A   03325.80019451 -.00000007  00000-0  10000-3 0  9806
2 08820 109.8290 235.5531 0044266 267.7148  91.8411  6.38664540387127
1 08820U 76039A   03326.73974128 -.00000004  00000-0  10000-3 0  9908
2 08820 109.8279 235.8764 0044339 267.4682  92.0876  6.38664581387185
1 08820U 76039A   03327.83588113 -.00000002  00000-0  10000-3 0  9992
2 08820 109.8279 236.2515 0044359 267.2060  92.3506  6.38664559387250
1 08820U 76039A   03328.77542931 -.00000000  00000-0  10000-3 0    94
2 08820 109.8289 236.5733 0044299 266.9569  92.6014  6.38664578387314
1 08820U 76039A   03329.40179477  .00000000  00000-0  10000-3 0  9779
2 08820 109.8292 236.7882 0044310 266.8297  92.7288  6.38664560387355
1 08820U 76039A   03329.87156903  .00000000  00000-0  10000-3 0  9791
2 08820 109.8292 236.9491 0044308 266.7269  92.8324  6.38664559387381
1 08820U 76039A   03330.81111740 -.00000001  00000-0  10000-3 0  9902
2 08820 109.8293 237.2714 0044311 266.5560  93.0041  6.38664542387448
1 08820U 76039A   03331.75066467 -.00000004  00000-0  10000-3 0  9960
2 08820 109.8295 237.5934 0044302 266.2454  93.3151  6.38664560387508
1 08820U 76039A   03332.69021168 -.00000008  00000-0  10000-3 0    70
2 08820 109.8300 237.9151 0044369 266.0876  93.4720  6.38664584387564
1 08820U 76039A   03333.31657681 -.00000011  00000-0  10000-3 0  9786
2 08820 109.8298 238.1302 0044352 265.9095  93.6503  6.38664658387602
1 08820U 76039A   03333.78635051 -.00000014  00000-0  10000-3 0  9800
2 08820 109.8299 238.2911 0044350 265.8103  93.7491  6.38664658387637
1 08820U 76039A   03334.72589830 -.00000018  00000-0  10000-3 0  9891
2 08820 109.8301 238.6128 0044374 265.6201  93.9385  6.38664630387698
1 08820U 76039A   03335.82203837 -.00000021  00000-0  10000-3 0  9998
2 08820 109.8303 238.9881 0044358 265.4849  94.0733  6.38664560387766
1 08820U 76039A   03336.91817745 -.00000021  00000-0  10000-3 0    90
2 08820 109.8315 239.3629 0044414 265.4111  94.1462  6.38664535387839
1 08820U 76039A   03337.38795124 -.00000021  00000-0  10000-3 0  9794
2 08820 109.8316 239.5240 0044383 265.3084  94.2497  6.38664570387865
1 08820U 76039A   03337.70113363 -.00000021  00000-0  10000-3 0  9823
2 08820 109.8317 239.6312 0044387 265.2419  94.3159  6.38664578387888
1 08820U 76039A   03338.79727319 -.00000017  00000-0  10000-3 0  9932
2 08820 109.8311 240.0068 0044357 264.9863  94.5725  6.38664576387959
1 08820U 76039A   03339.73682124 -.00000013  00000-0  10000-3 0    06
2 08820 109.8315 240.3289 0044331 264.7669  94.7932  6.38664582388012
1 08820U 76039A   03340.83296115 -.00000008  00000-0  10000-3 0    82
2 08820 109.8317 240.7048 0044353 264.5916  94.9691  6.38664573388089
1 08820U 76039A   03341.45932672 -.00000005  00000-0  10000-3 0  9802
2 08820 109.8317 240.9192 0044343 264.4260  95.1364  6.38664601388128
1 08820U 76039A   03341.77250950 -.00000004  00000-0  10000-3 0  9831
2 08820 109.8318 241.0265 0044344 264.3634  95.1996  6.38664604388143
1 08820U 76039A   03342.71205714 -.00000000  00000-0  10000-3 0  9885
2 08820 109.8324 241.3487 0044336 264.1214  95.4431  6.38664641388207
1 08820U 76039A   03343.80819662  .00000003  00000-0  10000-3 0  9948
2 08820 109.8326 241.7250 0044336 263.8516  95.7144  6.38664631388272
1 08820U 76039A   03344.90433620  .00000004  00000-0  10000-3 0    27
2 08820 109.8330 242.1006 0044328 263.5723  95.9954  6.38664627388343
1 08820U 76039A   03345.68729283  .00000005  00000-0  10000-3 0  9813
2 08820 109.8333 242.3692 0044336 263.3949  96.1739  6.38664628388396
1 08820U 76039A   03346.62683896  .00000004  00000-0  10000-3 0  9939
2 08820 109.8349 242.6912 0044434 263.2931  96.2753  6.38664689388451
1 08820U 76039A   03347.87956889  .00000002  00000-0  10000-3 0    43
2 08820 109.8342 243.1212 0044354 262.8114  96.7584  6.38664787388537
1 08820U 76039A   03348.66252576  .00000001  00000-0  10000-3 0   143
2 08820 109.8343 243.3898 0044307 262.7278  96.8422  6.38664764388580
1 08820U 76039A   03349.75866441 -.00000001  00000-0  10000-3 0  9821
2 08820 109.8341 243.7650 0044297 262.4925  97.0771  6.38664766388652
1 08820U 76039A   03351.16798542 -.00000003  00000-0  10000-3 0  9951
2 08820 109.8346 244.2480 0044301 262.1937  97.3753  6.38664754388740
1 08820U 76039A   03351.32457649 -.00000003  00000-0  10000-3 0  9836
2 08820 109.8363 244.3025 0044400 262.0974  97.4728  6.38664763388759
1 08820U 76039A   03351.79434914 -.00000003  00000-0  10000-3 0  9859
2 08820 109.8367 244.4629 0044431 262.0020  97.5665  6.38664795388789
1 08820U 76039A   03353.20367020 -.00000002  00000-0  10000-3 0  9994
2 08820 109.8369 244.9459 0044435 261.7342  97.8330  6.38664752388879
1 08820U 76039A   03353.67344447 -.00000001  00000-0  10000-3 0  9846
2 08820 109.8369 245.1079 0044409 261.6364  97.9311  6.38664709388900
1 08820U 76039A   03354.76958406  .00000002  00000-0  10000-3 0  9900
2 08820 109.8371 245.4839 0044415 261.4109  98.1577  6.38664675388978
1 08820U 76039A   03355.86572365  .00000005  00000-0  10000-3 0  9989
2 08820 109.8372 245.8594 0044301 261.3512  98.2158  6.38664624389041
1 08820U 76039A   03356.64868330  .00000007  00000-0  10000-3 0    79
2 08820 109.8372 246.1274 0044270 261.2195  98.3530  6.38664582389094
1 08820U 76039A   03357.74482339  .00000008  00000-0  10000-3 0  9858
2 08820 109.8376 246.5029 0044293 260.9458  98.6282  6.38664545389167
1 08820U 76039A   03357.90141466  .00000008  00000-0  10000-3 0  9860
2 08820 109.8376 246.5565 0044292 260.9145  98.6596  6.38664547389175
1 08820U 76039A   03358.68437144  .00000007  00000-0  10000-3 0  9945
2 08820 109.8370 246.8253 0044308 260.8131  98.7623  6.38664561389222
1 08820U 76039A   03359.62391871  .00000004  00000-0  10000-3 0    34
2 08820 109.8373 247.1475 0044298 260.5822  98.9930  6.38664568389283
1 08820U 76039A   03360.72005818 -.00000000  00000-0  10000-3 0   172
2 08820 109.8369 247.5224 0044216 260.3988  99.1773  6.38664564389357
1 08820U 76039A   03361.65960562 -.00000004  00000-0  10000-3 0   276
2 08820 109.8369 247.8443 0044200 260.1986  99.3779  6.38664599389415
1 08820U 76039A   03362.12937918 -.00000007  00000-0  10000-3 0  9865
2 08820 109.8370 248.0052 0044196 260.0953  99.4807  6.38664604389446
1 08820U 76039A   03362.75574416 -.00000009  00000-0  10000-3 0  9923
2 08820 109.8367 248.2194 0044191 259.9512  99.6245  6.38664612389485
1 08820U 76039A   03363.85188290 -.00000012  00000-0  10000-3 0    55
2 08820 109.8372 248.5958 0044205 259.7136  99.8616  6.38664587389551
1 08820U 76039A   03364.63483933 -.00000012  00000-0  10000-3 0   133
2 08820 109.8373 248.8639 0044210 259.5569 100.0183  6.38664589389607
1 08820U 76039A   03365.88757026 -.00000010  00000-0  10000-3 0   248
2 08820 109.8375 249.2939 0044229 259.2681 100.3073  6.38664526389689
