1  8820U 76039A   03079.63864468 +.00000006 +00000-0 +10000-3 0  9997
2  8820 109.8209 151.2903 0044380 320.3124 039.4397 06.38664640371407
1  8820U 76039A   03080.73478281 +.00000001 +00000-0 +10000-3 0  9999
2  8820 109.8207 151.6656 0044377 320.0779 039.6713 06.38664633371476
1  8820U 76039A   03081.83092109 -.00000004 +00000-0 +10000-3 0  9996
2  8820 109.8208 152.0414 0044422 319.7978 039.9470 06.38664582371545
1  8820U 76039A   03082.77046855 -.00000008 +00000-0 +10000-3 0  9991
2  8820 109.8207 152.3632 0044467 319.5253 040.2167 06.38664553371605
1  8820U 76039A   03083.71001627 -.00000010 +00000-0 +10000-3 0  9997
2  8820 109.8207 152.6850 0044458 319.3603 040.3805 06.38664539371667
1  8820U 76039A   03084.64956344 -.00000010 +00000-0 +10000-3 0  9995
2  8820 109.8208 153.0071 0044452 319.1630 040.5763 06.38664531371724
1  8820U 76039A   03085.74570234 -.00000008 +00000-0 +10000-3 0  9994
2  8820 109.8206 153.3825 0044453 318.9479 040.7902 06.38664527371790
1  8820U 76039A   03086.68524999 -.00000005 +00000-0 +10000-3 0  9992
2  8820 109.8196 153.7034 0044405 318.8519 040.8865 06.38664577371856
1  8820U 76039A   03087.62479869 -.00000001 +00000-0 +10000-3 0  9998
2  8820 109.8180 154.0259 0044345 318.6407 041.0976 06.38664487371912
1  8820U 76039A   03088.72093715 +.00000003 +00000-0 +10000-3 0  9993
2  8820 109.8177 154.4012 0044408 318.4405 041.2972 06.38664547371987
1  8820U 76039A   03089.81707634 +.00000006 +00000-0 +10000-3 0  9999
2  8820 109.8177 154.7764 0044409 318.1841 041.5522 06.38664521372051
1  8820U 76039A   03090.60003295 +.00000007 +00000-0 +10000-3 0  9991
2  8820 109.8156 155.0434 0044406 317.9479 041.7876 06.38664552372101
1  8820U 76039A   03091.69617219 +.00000007 +00000-0 +10000-3 0  9998
2  8820 109.8154 155.4186 0044404 317.7185 042.0166 06.38664552372170
1  8820U 76039A   03092.94890240 +.00000006 +00000-0 +10000-3 0  9993
2  8820 109.8150 155.8477 0044416 317.4818 042.2518 06.38664538372252
1 08820U 76039A   03087.15502391 -.00000003  00000-0  10000-3 0  9995
2 08820 109.8179 153.8652 0044295 318.7302 041.0057 06.38664448371886
1 08820U 76039A   03091.22639834  .00000008  00000-0  10000-3 0  9995
2 08820 109.8155 155.2578 0044407 317.8197 041.9158 06.38664549372143