1  8820U 76039A   04045.67268012 +.00000027 +00000-0 +10000-3 0  9991
2  8820 109.8407 264.6388 0044365 249.7269 109.8747 06.38664581392543
1  8820U 76039A   04046.61222792 +.00000030 +00000-0 +10000-3 0  9995
2  8820 109.8409 264.9608 0044366 249.5188 110.0844 06.38664602392605
1  8820U 76039A   04047.70836758 +.00000033 +00000-0 +10000-3 0  9992
2  8820 109.8406 265.3374 0044407 249.3140 110.2905 06.38664525392670
1  8820U 76039A   04048.64791609 +.00000034 +00000-0 +10000-3 0  9992
2  8820 109.8399 265.6597 0044377 249.1021 110.5037 06.38664506392738
1  8820U 76039A   04049.90064651 +.00000032 +00000-0 +10000-3 0  9990
2  8820 109.8400 266.0888 0044377 248.7861 110.8211 06.38664530392819
1  8820U 76039A   04050.68360312 +.00000030 +00000-0 +10000-3 0  9998
2  8820 109.8402 266.3570 0044377 248.6176 110.9900 06.38664525392865
1  8820U 76039A   04051.62315104 +.00000026 +00000-0 +10000-3 0  9997
2  8820 109.8404 266.6790 0044387 248.3823 111.2258 06.38664512392924
1  8820U 76039A   04052.56269858 +.00000021 +00000-0 +10000-3 0  9990
2  8820 109.8394 267.0018 0044300 248.0425 111.5664 06.38664506392983
1  8820U 76039A   04053.65883692 +.00000016 +00000-0 +10000-3 0  9993
2  8820 109.8396 267.3772 0044311 247.7990 111.8090 06.38664519393059
1  8820U 76039A   04054.75497540 +.00000013 +00000-0 +10000-3 0  9995
2  8820 109.8396 267.7529 0044294 247.6026 112.0053 06.38664548393124
1  8820U 76039A   04055.53793135 +.00000013 +00000-0 +10000-3 0  9991
2  8820 109.8398 268.0211 0044287 247.4401 112.1675 06.38664562393177
1  8820U 76039A   04056.63406968 +.00000014 +00000-0 +10000-3 0  9999
2  8820 109.8399 268.3968 0044241 247.2817 112.3259 06.38664604393244
1  8820U 76039A   04057.57361673 +.00000017 +00000-0 +10000-3 0  9999
2  8820 109.8398 268.7193 0044247 247.0182 112.5912 06.38664705393303
1  8820U 76039A   04058.51316432 +.00000021 +00000-0 +10000-3 0  9992
2  8820 109.8401 269.0408 0044245 246.8506 112.7584 06.38664687393368
1  8820U 76039A   04059.76589517 +.00000028 +00000-0 +10000-3 0  9993
2  8820 109.8402 269.4700 0044228 246.5937 113.0167 06.38664662393447