1 08820U 76039A   04280.87277920 -.00000008 +00000-0 +10000-3 0  9992
2 08820 109.8612 345.2291 0044341 199.5111 160.3984 06.38664780407567
1 08820U 76039A   04281.65573567 -.00000006 +00000-0 +10000-3 0  9993
2 08820 109.8613 345.4974 0044351 199.3488 160.5629 06.38664789407617
1 08820U 76039A   04282.12550963 -.00000004  00000-0  10000-3 0  9999
2 08820 109.8612 345.6583 0044350 199.2501 160.6629 06.38664790407644
1 08820U 76039A   04282.75187468 -.00000002 +00000-0 +10000-3 0  9992
2 08820 109.8611 345.8728 0044369 199.1014 160.8131 06.38664799407687
1 08820U 76039A   04283.69142320 +.00000002 +00000-0 +10000-3 0  9993
2 08820 109.8612 346.1947 0044336 198.8942 161.0231 06.38664784407740
1 08820U 76039A   04284.63097138 +.00000006 +00000-0 +10000-3 0  9998
2 08820 109.8611 346.5164 0044335 198.6990 161.2213 06.38664788407807
1 08820U 76039A   04285.88370255 +.00000010 +00000-0 +10000-3 0  9995
2 08820 109.8611 346.9455 0044273 198.3891 161.5366 06.38664801407888
1 08820U 76039A   04286.19688502  .00000011  00000-0  10000-3 0  9998
2 08820 109.8611 347.0527 0044271 198.3229 161.6032 06.38664801407907
1 08820U 76039A   04286.66665921 +.00000012 +00000-0 +10000-3 0  9991
2 08820 109.8614 347.2139 0044262 198.2119 161.7157 06.38664788407934
1 08820U 76039A   04287.60620718 +.00000013 +00000-0 +10000-3 0  9992
2 08820 109.8606 347.5359 0044251 197.9947 161.9359 06.38664794407994
1 08820U 76039A   04288.70234677 +.00000013 +00000-0 +10000-3 0  9999
2 08820 109.8611 347.9118 0044225 197.6579 162.2763 06.38664764408065
1 08820U 76039A   04289.64189441 +.00000011 +00000-0 +10000-3 0  9999
2 08820 109.8611 348.2336 0044232 197.4639 162.4720 06.38664766408128
1 08820U 76039A   04290.42485042  .00000009  00000-0  10000-3 0  9990
2 08820 109.8611 348.5018 0044260 197.2905 162.6462 06.38664769408176
1 08820U 76039A   04290.89462408 +.00000008 +00000-0 +10000-3 0  9991
2 08820 109.8610 348.6626 0044279 197.2397 162.6965 06.38664758408206
1 08820U 76039A   04291.83417227 +.00000004 +00000-0 +10000-3 0  9991
2 08820 109.8604 348.9837 0044225 197.0598 162.8772 06.38664755408269
1 08820U 76039A   04292.61712779 +.00000002 +00000-0 +10000-3 0  9996
2 08820 109.8600 349.2517 0044238 196.9609 162.9757 06.38664782408319
1 08820U 76039A   04293.86985778 -.00000002 +00000-0 +10000-3 0  9996
2 08820 109.8594 349.6802 0044240 196.6537 163.2837 06.38664754408392
1 08820U 76039A   04294.49622234 -.00000002  00000-0  10000-3 0  9991
2 08820 109.8594 349.8950 0044244 196.5358 163.4020 06.38664777408438
1 08820U 76039A   04294.65281357 -.00000002 +00000-0 +10000-3 0  9996
2 08820 109.8594 349.9486 0044244 196.5047 163.4332 06.38664775408443