1  8820U 76039A   03270.83663933 +.00000003 +00000-0 +10000-3 0  9993
2  8820 109.8174 216.7276 0044471 279.5081 080.0443 06.38664467383613
1  8820U 76039A   03271.93277915 +.00000004 +00000-0 +10000-3 0  9997
2  8820 109.8175 217.1028 0044480 279.2702 080.2821 06.38664453383685
1  8820U 76039A   03272.87232824 +.00000005 +00000-0 +10000-3 0  9992
2  8820 109.8184 217.4248 0044416 279.0496 080.5037 06.38664332383744
1  8820U 76039A   03273.81187554 +.00000005 +00000-0 +10000-3 0  9996
2  8820 109.8186 217.7470 0044411 278.8192 080.7344 06.38664417383805
1  8820U 76039A   03274.90801504 +.00000003 +00000-0 +10000-3 0  9993
2  8820 109.8192 218.1221 0044384 278.5629 080.9906 06.38664423383872
1  8820U 76039A   03275.84756255 -.00000001 +00000-0 +10000-3 0  9998
2  8820 109.8193 218.4436 0044373 278.3497 081.2035 06.38664462383930
1  8820U 76039A   03276.78711001 -.00000005 +00000-0 +10000-3 0  9996
2  8820 109.8192 218.7656 0044390 278.1249 081.4273 06.38664472383991
1  8820U 76039A   03277.72665793 -.00000010 +00000-0 +10000-3 0  9993
2  8820 109.8201 219.0870 0044368 277.9424 081.6089 06.38664480384055
1  8820U 76039A   03278.82279678 -.00000015 +00000-0 +10000-3 0  9993
2  8820 109.8204 219.4627 0044394 277.6624 081.8873 06.38664460384129
1  8820U 76039A   03279.91893535 -.00000018 +00000-0 +10000-3 0  9991
2  8820 109.8198 219.8381 0044383 277.4115 082.1373 06.38664512384197
1  8820U 76039A   03280.85848316 -.00000019 +00000-0 +10000-3 0  9994
2  8820 109.8200 220.1596 0044371 277.2623 082.2860 06.38664548384251
1  8820U 76039A   03281.95462269 -.00000018 +00000-0 +10000-3 0  9994
2  8820 109.8202 220.5352 0044350 277.0557 082.4925 06.38664540384322
1  8820U 76039A   03282.89417044 -.00000015 +00000-0 +10000-3 0  9996
2  8820 109.8210 220.8561 0044347 276.9539 082.5946 06.38664595384380
1  8820U 76039A   03283.83371890 -.00000012 +00000-0 +10000-3 0  9996
2  8820 109.8205 221.1786 0044328 276.6667 082.8822 06.38664552384441
1  8820U 76039A   03284.77326730 -.00000008 +00000-0 +10000-3 0  9998
2  8820 109.8207 221.5003 0044330 276.4589 083.0908 06.38664544384509
1 08820U 76039A   03271.46300492  .00000004  00000-0  10000-3 0  9992
2 08820 109.8174 216.9420 0044477 279.3680 080.1839 06.38664450383651
1 08820U 76039A   03277.57006627 -.00000009  00000-0  10000-3 0  9999
2 08820 109.8201 219.0334 0044367 277.9622 081.5886 06.38664488384040
1 08820U 76039A   03279.29257066 -.00000016  00000-0  10000-3 0  9993
2 08820 109.8197 219.6236 0044382 277.5450 082.0054 06.38664510384154
1 08820U 76039A   03282.42439731 -.00000017  00000-0  10000-3 0  9994
2 08820 109.8209 220.6952 0044369 277.0092 082.5397 06.38664531384357
1 08820U 76039A   03283.36394449 -.00000014  00000-0  10000-3 0  9991
2 08820 109.8207 221.0177 0044323 276.7756 082.7727 06.38664561384411
1 08820U 76039A   03284.46008479 -.00000010  00000-0  10000-3 0  9994
2 08820 109.8207 221.3931 0044328 276.5257 083.0243 06.38664543384485