1 27386U 02009A   08006.23967947 -.00000164  00000-0 -44776-4 0  9993
2 27386 098.5502 075.2042 0001001 092.5781 267.5533 14.32247136305924
1 27386U 02009A   08006.44926023 -.00000155  00000-0 -41179-4 0  9990
2 27386 098.5503 075.4109 0001003 091.7325 268.3978 14.32247167305957
1 27386U 02009A   08006.79856175 -.00000145  00000-0 -37610-4 0  9992
2 27386 098.5502 075.7552 0001011 090.6206 269.5091 14.32247187306004
1 27386U 02009A   08007.21772397 -.00000135  00000-0 -34024-4 0  9998
2 27386 098.5503 076.1686 0000993 090.2980 269.8331 14.32247216306060
1 27386U 02009A   08007.42730476 -.00000124  00000-0 -29828-4 0  9997
2 27386 098.5503 076.3752 0001004 088.9291 271.2009 14.32247249306097
1 27386U 02009A   08007.77660649 -.00000090  00000-0 -17298-4 0  9999
2 27386 098.5503 076.7194 0001014 089.5102 270.6215 14.32247460306143
1 27386U 02009A   08008.12590785 -.00000070  00000-0 -97719-5 0  9997
2 27386 098.5504 077.0639 0001002 090.6097 269.5216 14.32247608306192
1 27386U 02009A   08008.40534889 -.00000071  00000-0 -10086-4 0  9993
2 27386 098.5503 077.3395 0001003 090.0762 270.0536 14.32247581306234
1 27386U 02009A   08008.75465045 -.00000046  00000-0 -74509-6 0  9992
2 27386 098.5502 077.6838 0001008 088.2740 271.8563 14.32247760306281
