2013-11-17 02:14:58 0.593171999 -0.776677461 0.51351409 -9.25157499996e-05 0.00063972912 0.000705457977
2013-11-18 02:29:32 2.05002601 -2.41507361 2.43234211 -0.00210600723 0.0011066135 0.00263006948
2013-11-19 02:57:22 1.88442715 -2.20352633 2.49593873 -0.00206002134 0.00113246543 0.00219695703
2013-11-20 03:25:48 1.60681493 -1.71250577 1.5270472 -0.00114210382 0.00071051533 0.00159971561
2013-11-21 12:36:03 -0.31580876 0.32957957 -0.0445944799999 0.00022972339 0.00054299337 -0.00098856404
2013-11-22 14:36:12 -1.86268326 0.96976489 0.69548092 -0.0005882856 0.00092186657 -0.00266019075
2013-11-23 15:02:43 -2.24523171 1.03892813 1.34711066 -0.00126015727 0.00122839571 -0.00300608774
2013-11-24 20:07:01 0.38930397 -0.0547736400001 0.39204008 0.00011679096 0.00013142525 0.00032689851
2013-11-26 01:16:29 2.70836784 -2.04893375 2.08562038 -0.00192367563 0.000580237248 0.00294238646
2013-11-27 03:25:30 2.52485168 -1.80012252 2.61469209 -0.00226012961 0.00106503817 0.00245146195
2013-11-28 20:13:28 2.27351784 -1.363284 2.81675171 -0.00241415105 0.00102404588 0.00249516122
