-------------0.306546360165------------------------------------
[[  1.08407023e-02   1.36012316e-19  -2.55329612e-18]
 [  1.36012316e-19   2.66896347e-04  -2.55329612e-18]
 [ -2.55329612e-18  -5.00943741e-03   9.40232545e-02]]-------------0.0884345402104------------------------------------
[[  1.67580746e-03   5.46708945e-18  -6.20239876e-20]
 [  5.46708945e-18   9.92661986e+00  -6.20239876e-20]
 [ -6.20239876e-20  -1.12593777e-01   1.27710728e-03]]--------------0.108138660864------------------------------------
[[  1.54256784e-03   5.11607900e-18  -3.50671640e-19]
 [  5.11607900e-18   1.35879108e+01  -3.50671640e-19]
 [ -3.50671640e-19  -9.31335476e-01   6.38351093e-02]]-------------0.0938752354998------------------------------------
[[  1.34394318e-03   9.24417877e-18   1.16996426e-19]
 [  9.24417877e-18   1.97156127e+01   1.16996426e-19]
 [  1.16996426e-19   2.49520517e-01   3.15792814e-03]]-------------0.022871939274------------------------------------
[[  3.96156874e-04   2.35813973e-19  -1.38913403e-20]
 [  2.35813973e-19   7.33925671e+00  -1.38913403e-20]
 [ -1.38913403e-20  -4.31485844e-01   2.53676960e-02]]--------------0.0290164495386------------------------------------
[[  1.36130516e-04   7.77915059e-19  -1.85711974e-20]
 [  7.77915059e-19   2.00436644e+01  -1.85711974e-20]
 [ -1.85711974e-20  -4.79013975e-01   1.14477265e-02]]--------------0.0955452130556------------------------------------
[[  2.00025432e-03  -1.55583012e-18   8.15438618e-19]
 [ -1.55583012e-18   2.00990946e-01   8.15438618e-19]
 [  8.15438618e-19  -1.05371447e-01   5.52419999e-02]]-------------0.214040383645------------------------------------
[[  3.84828647e-03   1.65611882e-18   7.02190313e-20]
 [  1.65611882e-18   3.56461403e-01   7.02190313e-20]
 [  7.02190313e-20   1.51018252e-02   6.39803136e-04]]--------------0.0030266592782------------------------------------
[[  1.60107986e-03  -9.90012109e-19  -8.72443936e-21]
 [ -9.90012109e-19   8.14723178e+00  -8.72443936e-21]
 [ -8.72443936e-21   7.18267677e-02   6.33231593e-04]]-------------0.075290278094------------------------------------
[[  1.03950659e-03   1.26546722e-19  -1.53736480e-19]
 [  1.26546722e-19   1.76021479e-02  -1.53736480e-19]
 [ -1.53736480e-19  -2.13713379e-02   2.59476336e-02]]--------------0.0505760338041------------------------------------
[[  8.32064164e-04  -1.36389245e-18  -5.42270493e-19]
 [ -1.36389245e-18   2.41514454e-01  -5.42270493e-19]
 [ -5.42270493e-19   9.60103817e-02   3.81674606e-02]]-------------0.0288740248046------------------------------------
[[  1.15971638e-03  -4.35866214e-18  -2.95667438e-20]
 [ -4.35866214e-18   6.31307572e+00  -2.95667438e-20]
 [ -2.95667438e-20   4.28207272e-02   2.90447123e-04]]--------------0.176071821287------------------------------------
[[  2.59806751e-03   5.46437895e-18  -5.80386975e-19]
 [  5.46437895e-18   1.54900672e+01  -5.80386975e-19]
 [ -5.80386975e-19  -1.64742656e+00   1.75209974e-01]]-------------0.0153544327955------------------------------------
[[  1.33597683e-03   5.79235011e-18  -2.43818434e-19]
 [  5.79235011e-18   7.74132058e+00  -2.43818434e-19]
 [ -2.43818434e-19  -3.25874387e-01   1.37178296e-02]]--------------0.0104296967327------------------------------------
[[  9.05369626e-04   2.94360890e-18  -7.09390093e-20]
 [  2.94360890e-18   3.19256886e+01  -7.09390093e-20]
 [ -7.09390093e-20  -7.69586538e-01   1.85513129e-02]]--------------0.0825843763094------------------------------------
[[  9.77293810e-04   2.00407995e-19   1.18266975e-20]
 [  2.00407995e-19   3.33746380e-01   1.18266975e-20]
 [  1.18266975e-20   1.96983989e-02   1.16264009e-03]]-------------0.0045080156959------------------------------------
[[  9.24570759e-04  -1.36457008e-19  -4.65232846e-20]
 [ -1.36457008e-19   1.55011894e-01  -4.65232846e-20]
 [ -4.65232846e-20   5.28094983e-02   1.79911557e-02]]-------------0.104861992807------------------------------------
[[  4.50450142e-03   4.32596667e-18   3.37013234e-20]
 [  4.32596667e-18   3.89132040e+01   3.37013234e-20]
 [  3.37013234e-20   3.02761051e-01   2.35560799e-03]]--------------0.0151900164911------------------------------------
[[  3.17020834e-04  -1.04029198e-17  -1.47267266e-19]
 [ -1.04029198e-17   2.49727454e+01  -1.47267266e-19]
 [ -1.47267266e-19   3.53534828e-01   5.00493129e-03]]--------------0.0365318872964------------------------------------
[[  3.27161984e-04   9.81270729e-18   6.59507794e-20]
 [  9.81270729e-18   3.20022852e+01   6.59507794e-20]
 [  6.59507794e-20   2.15115759e-01   1.44598391e-03]]-------------0.0766827045114------------------------------------
[[  2.79412253e-03  -2.17043722e-18  -7.48565367e-20]
 [ -2.17043722e-18   4.34989474e+00  -7.48565367e-20]
 [ -7.48565367e-20   1.50118281e-01   5.18069968e-03]]-------------0.0471181812206------------------------------------
[[  1.41013664e-03   6.12658931e-19   1.33262105e-20]
 [  6.12658931e-19   7.78338160e-01   1.33262105e-20]
 [  1.33262105e-20   1.69843584e-02   3.70620953e-04]]--------------0.100431359582------------------------------------
[[  2.84626073e-03  -2.94280422e-18   1.36372305e-19]
 [ -2.94280422e-18   7.02634586e-02   1.36372305e-19]
 [  1.36372305e-19  -3.25602787e-03   1.50885221e-04]]--------------0.0672382222092------------------------------------
[[  8.36554698e-04  -3.37500278e-19  -1.36689942e-20]
 [ -3.37500278e-19   5.91482665e-02  -1.36689942e-20]
 [ -1.36689942e-20   2.39510030e-03   9.69851827e-05]]--------------0.0454776084002------------------------------------
[[  7.89126092e-04   5.61074624e-19  -7.42477318e-21]
 [  5.61074624e-19   2.61363046e+00  -7.42477318e-21]
 [ -7.42477318e-21  -3.45739861e-02   4.57356360e-04]]-------------0.0318514761904------------------------------------
[[  5.60952168e-04   3.16790322e-19   1.90370655e-20]
 [  3.16790322e-19   2.13799534e+00   1.90370655e-20]
 [  1.90370655e-20   1.28656457e-01   7.74205806e-03]]-------------0.294551605765------------------------------------
[[  7.80204853e-03  -3.75676053e-18  -5.69036734e-19]
 [ -3.75676053e-18   1.83415269e+00  -5.69036734e-19]
 [ -5.69036734e-19   2.77592103e-01   4.20125194e-02]]--------------0.0870622636635------------------------------------
[[  1.09686851e-03   4.26904605e-18  -1.94097600e-19]
 [  4.26904605e-18   6.05422760e+00  -1.94097600e-19]
 [ -1.94097600e-19  -2.75244488e-01   1.25134919e-02]]--------------0.047032294683------------------------------------
[[  4.79126783e-04  -7.17131974e-18   6.48033144e-20]
 [ -7.17131974e-18   1.41244871e+01   6.48033144e-20]
 [  6.48033144e-20  -1.27629143e-01   1.15325943e-03]]--------------0.14895667031------------------------------------
[[  1.71003545e-03  -7.25331253e-18   2.34458720e-19]
 [ -7.25331253e-18   2.73330771e+01   2.34458720e-19]
 [  2.34458720e-19  -8.83704696e-01   2.85710235e-02]]-------------0.0964643122572------------------------------------
[[  1.16612222e-03  -1.16551734e-18  -1.46748458e-20]
 [ -1.16551734e-18   1.12745553e+01  -1.46748458e-20]
 [ -1.46748458e-20   1.41841802e-01   1.78446920e-03]]-------------0.177340797945------------------------------------
[[  5.80744409e-03  -1.33573708e-17  -6.38832249e-19]
 [ -1.33573708e-17   2.31710395e+01  -6.38832249e-19]
 [ -6.38832249e-19   1.10815681e+00   5.29976880e-02]]-------------0.0449802628994------------------------------------
[[  1.65009388e-03   6.87392648e-18   7.67581257e-19]
 [  6.87392648e-18   2.72638133e+00   7.67581257e-19]
 [  7.67581257e-19   3.04452324e-01   3.39978918e-02]]--------------0.144488326554------------------------------------
[[  2.08772399e-03   1.43873628e-17  -1.27224349e-18]
 [  1.43873628e-17   6.71772069e+00  -1.27224349e-18]
 [ -1.27224349e-18  -5.93963416e-01   5.25167026e-02]]-------------0.0701201457879------------------------------------
[[  2.70125464e-03  -1.11401773e-17  -2.95042751e-19]
 [ -1.11401773e-17   2.86474677e+01  -2.95042751e-19]
 [ -2.95042751e-19   7.58784525e-01   2.00979005e-02]]-------------0.00857018053706------------------------------------
[[  1.52630429e-04  -1.48230766e-19   2.27004830e-20]
 [ -1.48230766e-19   7.30861478e-01   2.27004830e-20]
 [  2.27004830e-20  -1.11828951e-01   1.71109229e-02]]-------------0.100201580871------------------------------------
[[  2.29194366e-03   1.12784131e-17  -1.05413250e-19]
 [  1.12784131e-17   2.93324836e+01  -1.05413250e-19]
 [ -1.05413250e-19  -2.74194004e-01   2.56310898e-03]]--------------0.0258036189444------------------------------------
[[  3.39620971e-04   5.34935188e-18  -1.25702336e-19]
 [  5.34935188e-18   6.60349731e+00  -1.25702336e-19]
 [ -1.25702336e-19  -1.55166929e-01   3.64606429e-03]]-------------0.0447585982467------------------------------------
[[  8.30940960e-04   3.27700107e-18  -4.87890978e-20]
 [  3.27700107e-18   2.23359798e+01  -4.87890978e-20]
 [ -4.87890978e-20  -3.32504047e-01   4.94981381e-03]]--------------0.0410247080723------------------------------------
[[  7.78372225e-04   4.90643835e-18  -6.57742259e-19]
 [  4.90643835e-18   1.24869489e+01  -6.57742259e-19]
 [ -6.57742259e-19  -1.67413163e+00   2.24451687e-01]]--------------0.0732040376445------------------------------------
[[  1.73597295e-03   1.04137619e-17  -5.36129504e-19]
 [  1.04137619e-17   1.40805082e+01  -5.36129504e-19]
 [ -5.36129504e-19  -7.24901625e-01   3.73198437e-02]]--------------0.048183329986------------------------------------
[[  5.89304574e-04   1.25567552e-17  -4.78679494e-19]
 [  1.25567552e-17   2.04650985e+01  -4.78679494e-19]
 [ -4.78679494e-19  -7.80231718e-01   2.97463280e-02]]--------------0.12117109428------------------------------------
[[  2.95162340e-03   3.48056002e-17  -1.82984528e-18]
 [  3.48056002e-17   2.51594993e+01  -1.82984528e-18]
 [ -1.82984528e-18  -1.32274303e+00   6.95422875e-02]]-------------0.306546360165------------------------------------
[[  1.08407023e-02   1.36012316e-19  -2.55329612e-18]
 [  1.36012316e-19   2.66896347e-04  -2.55329612e-18]
 [ -2.55329612e-18  -5.00943741e-03   9.40232545e-02]]-------------1------------------------------------
[[ 0.00167581 -0.00472649 -0.00084406]
 [-0.00472649  0.10003031 -0.00084406]
 [-0.00084406 -0.01970392  0.07398693]]
-------------11------------------------------------
[[ 0.00154257 -0.00074633 -0.00363632]
 [-0.00074633  0.00829455 -0.00363632]
 [-0.00363632  0.00110208  0.00962838]]
-------------21------------------------------------
[[ 0.00134394  0.01182834  0.00185384]
 [ 0.01182834  0.1368107   0.00185384]
 [ 0.00185384  0.0203509   0.00415411]]
-------------31------------------------------------
[[ 0.00039616  0.0010569   0.00214741]
 [ 0.0010569   0.01767484  0.00214741]
 [ 0.00214741  0.01435369  0.02058914]]
-------------41------------------------------------
[[ 0.00013613  0.00142862 -0.00046647]
 [ 0.00142862  0.02494822 -0.00046647]
 [-0.00046647 -0.00917648  0.00457892]]
-------------51------------------------------------
[[ 0.00200025 -0.00755216 -0.0035153 ]
 [-0.00755216  0.04772916 -0.0035153 ]
 [-0.0035153   0.01051441  0.00957869]]
-------------61------------------------------------
[[ 0.00384829  0.00912933  0.00558082]
 [ 0.00912933  0.03495874  0.00558082]
 [ 0.00558082  0.01839985  0.01524871]]
-------------71------------------------------------
[[ 0.00160108 -0.01044706  0.0011347 ]
 [-0.01044706  0.15625555  0.0011347 ]
 [ 0.0011347  -0.00530791  0.00148021]]
-------------81------------------------------------
[[ 0.00103951 -0.01170586 -0.0016766 ]
 [-0.01170586  0.22321255 -0.0016766 ]
 [-0.0016766   0.04098758  0.03132413]]
-------------91------------------------------------
[[ 0.00083206 -0.00137299 -0.00043842]
 [-0.00137299  0.29558731 -0.00043842]
 [-0.00043842  0.05321497  0.01114103]]
-------------101------------------------------------
[[ 0.00115972 -0.00434566  0.00173342]
 [-0.00434566  0.03248384  0.00173342]
 [ 0.00173342 -0.00391898  0.00749998]]
-------------111------------------------------------
[[ 0.00259807  0.02668002 -0.00774232]
 [ 0.02668002  0.29353416 -0.00774232]
 [-0.00774232 -0.07133268  0.02945045]]
-------------121------------------------------------
[[ 0.00133598 -0.00602315  0.0041368 ]
 [-0.00602315  0.24274985  0.0041368 ]
 [ 0.0041368   0.00731815  0.03407033]]
-------------131------------------------------------
[[ 0.00090537 -0.00287212 -0.00385493]
 [-0.00287212  0.11362021 -0.00385493]
 [-0.00385493  0.0541101   0.06311833]]
-------------141------------------------------------
[[ 0.00097729 -0.00107858  0.00208053]
 [-0.00107858  0.04662071  0.00208053]
 [ 0.00208053 -0.01590249  0.00924515]]
-------------151------------------------------------
[[ 0.00092457  0.00208167  0.00051187]
 [ 0.00208167  0.26376134  0.00051187]
 [ 0.00051187 -0.07243954  0.03741229]]
-------------161------------------------------------
[[ 0.0045045  -0.02933675  0.00489023]
 [-0.02933675  0.34252215  0.00489023]
 [ 0.00489023 -0.04324543  0.00910996]]
-------------171------------------------------------
[[ 0.00031702  0.00442962 -0.00033573]
 [ 0.00442962  0.21969842 -0.00033573]
 [-0.00033573 -0.02175458  0.0032251 ]]
-------------181------------------------------------
[[ 0.00032716  0.00173913  0.00050017]
 [ 0.00173913  0.02340981  0.00050017]
 [ 0.00050017  0.00293996  0.00238576]]
-------------191------------------------------------
[[ 0.00279412  0.00956527 -0.00299047]
 [ 0.00956527  0.06690959 -0.00299047]
 [-0.00299047 -0.00859164  0.00390238]]
-------------201------------------------------------
[[ 0.00141014 -0.00766557 -0.0021476 ]
 [-0.00766557  0.14246782 -0.0021476 ]
 [-0.0021476   0.00686408  0.00832017]]
-------------211------------------------------------
[[ 0.00284626  0.00378236  0.00366835]
 [ 0.00378236  0.05935073  0.00366835]
 [ 0.00366835 -0.00020713  0.00758924]]
-------------221------------------------------------
[[ 0.00083655 -0.00431329  0.00055088]
 [-0.00431329  0.09368978  0.00055088]
 [ 0.00055088 -0.00576474  0.00075804]]
-------------231------------------------------------
[[ 0.00078913 -0.00037865  0.00027341]
 [-0.00037865  0.06687623  0.00027341]
 [ 0.00027341  0.00551196  0.00156641]]
-------------241------------------------------------
[[ 0.00056095 -0.00342854 -0.00162933]
 [-0.00342854  0.09527552 -0.00162933]
 [-0.00162933  0.00428495  0.00573202]]
-------------251------------------------------------
[[ 0.00780205  0.05496457  0.00221781]
 [ 0.05496457  0.41306894  0.00221781]
 [ 0.00221781  0.01746939  0.00401499]]
-------------261------------------------------------
[[  1.09686851e-03   8.99245070e-03   8.61269178e-05]
 [  8.99245070e-03   1.98812177e-01   8.61269178e-05]
 [  8.61269178e-05   7.65595888e-03   1.17087664e-03]]
-------------271------------------------------------
[[  4.79126783e-04   4.41571743e-03   9.75574130e-06]
 [  4.41571743e-03   4.62876992e-02   9.75574130e-06]
 [  9.75574130e-06   1.16939112e-03   1.54270279e-03]]
-------------281------------------------------------
[[ 0.00171004  0.01598377 -0.00069063]
 [ 0.01598377  0.23959379 -0.00069063]
 [-0.00069063  0.00099118  0.00240095]]
-------------291------------------------------------
[[ 0.00116612  0.01055844  0.00122138]
 [ 0.01055844  0.19406307  0.00122138]
 [ 0.00122138  0.01907069  0.00261666]]
-------------301------------------------------------
[[ 0.00580744 -0.03506387 -0.00377181]
 [-0.03506387  0.29770922 -0.00377181]
 [-0.00377181  0.0203941   0.00270116]]
-------------311------------------------------------
[[ 0.00165009  0.0084464  -0.00314934]
 [ 0.0084464   0.07666941 -0.00314934]
 [-0.00314934 -0.01736359  0.00837532]]
-------------321------------------------------------
[[  2.08772399e-03  -7.18630301e-03  -2.00259979e-03]
 [ -7.18630301e-03   1.29554797e-01  -2.00259979e-03]
 [ -2.00259979e-03  -1.20481899e-04   4.13687927e-03]]
-------------331------------------------------------
[[ 0.00270125 -0.00285084 -0.00159765]
 [-0.00285084  0.02844278 -0.00159765]
 [-0.00159765 -0.00209815  0.00307331]]
-------------341------------------------------------
[[ 0.00015263  0.00058757  0.0002828 ]
 [ 0.00058757  0.06549991  0.0002828 ]
 [ 0.0002828  -0.02039492  0.01084017]]
-------------351------------------------------------
[[ 0.00229194  0.01225111  0.00606175]
 [ 0.01225111  0.1048239   0.00606175]
 [ 0.00606175  0.03563437  0.01848473]]
-------------361------------------------------------
[[ 0.00033962  0.00044867 -0.00078172]
 [ 0.00044867  0.12408375 -0.00078172]
 [-0.00078172 -0.00041555  0.00432877]]
-------------371------------------------------------
[[ 0.00083094  0.00339664  0.00185053]
 [ 0.00339664  0.03266648  0.00185053]
 [ 0.00185053  0.00236869  0.01138846]]
-------------381------------------------------------
[[ 0.00077837  0.00058671 -0.00254089]
 [ 0.00058671  0.21183347 -0.00254089]
 [-0.00254089  0.08464653  0.07515172]]
-------------391------------------------------------
[[ 0.00173597  0.01218226 -0.00263066]
 [ 0.01218226  0.12473775 -0.00263066]
 [-0.00263066 -0.03003567  0.01469316]]
-------------401------------------------------------
[[ 0.0005893   0.00429457 -0.00187654]
 [ 0.00429457  0.05380178 -0.00187654]
 [-0.00187654 -0.02444249  0.0182114 ]]
-------------411------------------------------------
[[ 0.00295162  0.02126363 -0.00664715]
 [ 0.02126363  0.43514451 -0.00664715]
 [-0.00664715 -0.10048955  0.03194765]]
-------------421------------------------------------
[[ 0.0108407   0.07344292  0.00213492]
 [ 0.07344292  0.60804814  0.00213492]
 [ 0.00213492  0.0109619   0.00321382]]
-------------8820tle1------------------------------------
[[ 0.00167581 -0.00472649 -0.00084406]
 [-0.00472649  0.10003031 -0.00084406]
 [-0.00084406 -0.01970392  0.07398693]]
-------------8820tle11------------------------------------
[[ 0.00154257 -0.00074633 -0.00363632]
 [-0.00074633  0.00829455 -0.00363632]
 [-0.00363632  0.00110208  0.00962838]]
-------------8820tle21------------------------------------
[[ 0.00134394  0.01182834  0.00185384]
 [ 0.01182834  0.1368107   0.00185384]
 [ 0.00185384  0.0203509   0.00415411]]
-------------8820tle31------------------------------------
[[ 0.00039616  0.0010569   0.00214741]
 [ 0.0010569   0.01767484  0.00214741]
 [ 0.00214741  0.01435369  0.02058914]]
-------------8820tle41------------------------------------
[[ 0.00013613  0.00142862 -0.00046647]
 [ 0.00142862  0.02494822 -0.00046647]
 [-0.00046647 -0.00917648  0.00457892]]
-------------8820tle51------------------------------------
[[ 0.00200025 -0.00755216 -0.0035153 ]
 [-0.00755216  0.04772916 -0.0035153 ]
 [-0.0035153   0.01051441  0.00957869]]
-------------8820tle61------------------------------------
[[ 0.00384829  0.00912933  0.00558082]
 [ 0.00912933  0.03495874  0.00558082]
 [ 0.00558082  0.01839985  0.01524871]]
-------------8820tle71------------------------------------
[[ 0.00160108 -0.01044706  0.0011347 ]
 [-0.01044706  0.15625555  0.0011347 ]
 [ 0.0011347  -0.00530791  0.00148021]]
-------------8820tle81------------------------------------
[[ 0.00103951 -0.01170586 -0.0016766 ]
 [-0.01170586  0.22321255 -0.0016766 ]
 [-0.0016766   0.04098758  0.03132413]]
-------------8820tle91------------------------------------
[[ 0.00083206 -0.00137299 -0.00043842]
 [-0.00137299  0.29558731 -0.00043842]
 [-0.00043842  0.05321497  0.01114103]]
-------------8820tle101------------------------------------
[[ 0.00115972 -0.00434566  0.00173342]
 [-0.00434566  0.03248384  0.00173342]
 [ 0.00173342 -0.00391898  0.00749998]]
-------------8820tle111------------------------------------
[[ 0.00259807  0.02668002 -0.00774232]
 [ 0.02668002  0.29353416 -0.00774232]
 [-0.00774232 -0.07133268  0.02945045]]
-------------8820tle121------------------------------------
[[ 0.00133598 -0.00602315  0.0041368 ]
 [-0.00602315  0.24274985  0.0041368 ]
 [ 0.0041368   0.00731815  0.03407033]]
-------------8820tle131------------------------------------
[[ 0.00090537 -0.00287212 -0.00385493]
 [-0.00287212  0.11362021 -0.00385493]
 [-0.00385493  0.0541101   0.06311833]]
-------------8820tle141------------------------------------
[[ 0.00097729 -0.00107858  0.00208053]
 [-0.00107858  0.04662071  0.00208053]
 [ 0.00208053 -0.01590249  0.00924515]]
-------------8820tle151------------------------------------
[[ 0.00092457  0.00208167  0.00051187]
 [ 0.00208167  0.26376134  0.00051187]
 [ 0.00051187 -0.07243954  0.03741229]]
-------------8820tle161------------------------------------
[[ 0.0045045  -0.02933675  0.00489023]
 [-0.02933675  0.34252215  0.00489023]
 [ 0.00489023 -0.04324543  0.00910996]]
-------------8820tle171------------------------------------
[[ 0.00031702  0.00442962 -0.00033573]
 [ 0.00442962  0.21969842 -0.00033573]
 [-0.00033573 -0.02175458  0.0032251 ]]
-------------8820tle181------------------------------------
[[ 0.00032716  0.00173913  0.00050017]
 [ 0.00173913  0.02340981  0.00050017]
 [ 0.00050017  0.00293996  0.00238576]]
-------------8820tle191------------------------------------
[[ 0.00279412  0.00956527 -0.00299047]
 [ 0.00956527  0.06690959 -0.00299047]
 [-0.00299047 -0.00859164  0.00390238]]
-------------8820tle201------------------------------------
[[ 0.00141014 -0.00766557 -0.0021476 ]
 [-0.00766557  0.14246782 -0.0021476 ]
 [-0.0021476   0.00686408  0.00832017]]
-------------8820tle211------------------------------------
[[ 0.00284626  0.00378236  0.00366835]
 [ 0.00378236  0.05935073  0.00366835]
 [ 0.00366835 -0.00020713  0.00758924]]
-------------8820tle221------------------------------------
[[ 0.00083655 -0.00431329  0.00055088]
 [-0.00431329  0.09368978  0.00055088]
 [ 0.00055088 -0.00576474  0.00075804]]
-------------8820tle231------------------------------------
[[ 0.00078913 -0.00037865  0.00027341]
 [-0.00037865  0.06687623  0.00027341]
 [ 0.00027341  0.00551196  0.00156641]]
-------------8820tle241------------------------------------
[[ 0.00056095 -0.00342854 -0.00162933]
 [-0.00342854  0.09527552 -0.00162933]
 [-0.00162933  0.00428495  0.00573202]]
-------------8820tle251------------------------------------
[[ 0.00780205  0.05496457  0.00221781]
 [ 0.05496457  0.41306894  0.00221781]
 [ 0.00221781  0.01746939  0.00401499]]
-------------8820tle261------------------------------------
[[  1.09686851e-03   8.99245070e-03   8.61269178e-05]
 [  8.99245070e-03   1.98812177e-01   8.61269178e-05]
 [  8.61269178e-05   7.65595888e-03   1.17087664e-03]]
-------------8820tle271------------------------------------
[[  4.79126783e-04   4.41571743e-03   9.75574130e-06]
 [  4.41571743e-03   4.62876992e-02   9.75574130e-06]
 [  9.75574130e-06   1.16939112e-03   1.54270279e-03]]
-------------8820tle281------------------------------------
[[ 0.00171004  0.01598377 -0.00069063]
 [ 0.01598377  0.23959379 -0.00069063]
 [-0.00069063  0.00099118  0.00240095]]
-------------8820tle291------------------------------------
[[ 0.00116612  0.01055844  0.00122138]
 [ 0.01055844  0.19406307  0.00122138]
 [ 0.00122138  0.01907069  0.00261666]]
-------------8820tle301------------------------------------
[[ 0.00580744 -0.03506387 -0.00377181]
 [-0.03506387  0.29770922 -0.00377181]
 [-0.00377181  0.0203941   0.00270116]]
-------------8820tle311------------------------------------
[[ 0.00165009  0.0084464  -0.00314934]
 [ 0.0084464   0.07666941 -0.00314934]
 [-0.00314934 -0.01736359  0.00837532]]
-------------8820tle321------------------------------------
[[  2.08772399e-03  -7.18630301e-03  -2.00259979e-03]
 [ -7.18630301e-03   1.29554797e-01  -2.00259979e-03]
 [ -2.00259979e-03  -1.20481899e-04   4.13687927e-03]]
-------------8820tle331------------------------------------
[[ 0.00270125 -0.00285084 -0.00159765]
 [-0.00285084  0.02844278 -0.00159765]
 [-0.00159765 -0.00209815  0.00307331]]
-------------8820tle341------------------------------------
[[ 0.00015263  0.00058757  0.0002828 ]
 [ 0.00058757  0.06549991  0.0002828 ]
 [ 0.0002828  -0.02039492  0.01084017]]
-------------8820tle351------------------------------------
[[ 0.00229194  0.01225111  0.00606175]
 [ 0.01225111  0.1048239   0.00606175]
 [ 0.00606175  0.03563437  0.01848473]]
-------------8820tle361------------------------------------
[[ 0.00033962  0.00044867 -0.00078172]
 [ 0.00044867  0.12408375 -0.00078172]
 [-0.00078172 -0.00041555  0.00432877]]
-------------8820tle371------------------------------------
[[ 0.00083094  0.00339664  0.00185053]
 [ 0.00339664  0.03266648  0.00185053]
 [ 0.00185053  0.00236869  0.01138846]]
-------------8820tle381------------------------------------
[[ 0.00077837  0.00058671 -0.00254089]
 [ 0.00058671  0.21183347 -0.00254089]
 [-0.00254089  0.08464653  0.07515172]]
-------------8820tle391------------------------------------
[[ 0.00173597  0.01218226 -0.00263066]
 [ 0.01218226  0.12473775 -0.00263066]
 [-0.00263066 -0.03003567  0.01469316]]
-------------8820tle401------------------------------------
[[ 0.0005893   0.00429457 -0.00187654]
 [ 0.00429457  0.05380178 -0.00187654]
 [-0.00187654 -0.02444249  0.0182114 ]]
-------------8820tle411------------------------------------
[[ 0.00295162  0.02126363 -0.00664715]
 [ 0.02126363  0.43514451 -0.00664715]
 [-0.00664715 -0.10048955  0.03194765]]
-------------8820tle421------------------------------------
[[ 0.0108407   0.07344292  0.00213492]
 [ 0.07344292  0.60804814  0.00213492]
 [ 0.00213492  0.0109619   0.00321382]]
-------------8820tle1------------------------------------
[[ 0.00167581 -0.00472649 -0.00084406]
 [-0.00472649  0.10003031 -0.00084406]
 [-0.00084406 -0.01970392  0.07398693]]
-------------8820tle11------------------------------------
[[ 0.00154257 -0.00074633 -0.00363632]
 [-0.00074633  0.00829455 -0.00363632]
 [-0.00363632  0.00110208  0.00962838]]
-------------8820tle21------------------------------------
[[ 0.00134394  0.01182834  0.00185384]
 [ 0.01182834  0.1368107   0.00185384]
 [ 0.00185384  0.0203509   0.00415411]]
-------------8820tle31------------------------------------
[[ 0.00039616  0.0010569   0.00214741]
 [ 0.0010569   0.01767484  0.00214741]
 [ 0.00214741  0.01435369  0.02058914]]
-------------8820tle41------------------------------------
[[ 0.00013613  0.00142862 -0.00046647]
 [ 0.00142862  0.02494822 -0.00046647]
 [-0.00046647 -0.00917648  0.00457892]]
-------------8820tle51------------------------------------
[[ 0.00200025 -0.00755216 -0.0035153 ]
 [-0.00755216  0.04772916 -0.0035153 ]
 [-0.0035153   0.01051441  0.00957869]]
-------------8820tle61------------------------------------
[[ 0.00384829  0.00912933  0.00558082]
 [ 0.00912933  0.03495874  0.00558082]
 [ 0.00558082  0.01839985  0.01524871]]
-------------8820tle71------------------------------------
[[ 0.00160108 -0.01044706  0.0011347 ]
 [-0.01044706  0.15625555  0.0011347 ]
 [ 0.0011347  -0.00530791  0.00148021]]
-------------8820tle81------------------------------------
[[ 0.00103951 -0.01170586 -0.0016766 ]
 [-0.01170586  0.22321255 -0.0016766 ]
 [-0.0016766   0.04098758  0.03132413]]
-------------8820tle91------------------------------------
[[ 0.00083206 -0.00137299 -0.00043842]
 [-0.00137299  0.29558731 -0.00043842]
 [-0.00043842  0.05321497  0.01114103]]
-------------8820tle101------------------------------------
[[ 0.00115972 -0.00434566  0.00173342]
 [-0.00434566  0.03248384  0.00173342]
 [ 0.00173342 -0.00391898  0.00749998]]
-------------8820tle111------------------------------------
[[ 0.00259807  0.02668002 -0.00774232]
 [ 0.02668002  0.29353416 -0.00774232]
 [-0.00774232 -0.07133268  0.02945045]]
-------------8820tle121------------------------------------
[[ 0.00133598 -0.00602315  0.0041368 ]
 [-0.00602315  0.24274985  0.0041368 ]
 [ 0.0041368   0.00731815  0.03407033]]
-------------8820tle131------------------------------------
[[ 0.00090537 -0.00287212 -0.00385493]
 [-0.00287212  0.11362021 -0.00385493]
 [-0.00385493  0.0541101   0.06311833]]
-------------8820tle141------------------------------------
[[ 0.00097729 -0.00107858  0.00208053]
 [-0.00107858  0.04662071  0.00208053]
 [ 0.00208053 -0.01590249  0.00924515]]
-------------8820tle151------------------------------------
[[ 0.00092457  0.00208167  0.00051187]
 [ 0.00208167  0.26376134  0.00051187]
 [ 0.00051187 -0.07243954  0.03741229]]
-------------8820tle161------------------------------------
[[ 0.0045045  -0.02933675  0.00489023]
 [-0.02933675  0.34252215  0.00489023]
 [ 0.00489023 -0.04324543  0.00910996]]
-------------8820tle171------------------------------------
[[ 0.00031702  0.00442962 -0.00033573]
 [ 0.00442962  0.21969842 -0.00033573]
 [-0.00033573 -0.02175458  0.0032251 ]]
-------------8820tle181------------------------------------
[[ 0.00032716  0.00173913  0.00050017]
 [ 0.00173913  0.02340981  0.00050017]
 [ 0.00050017  0.00293996  0.00238576]]
-------------8820tle191------------------------------------
[[ 0.00279412  0.00956527 -0.00299047]
 [ 0.00956527  0.06690959 -0.00299047]
 [-0.00299047 -0.00859164  0.00390238]]
-------------8820tle201------------------------------------
[[ 0.00141014 -0.00766557 -0.0021476 ]
 [-0.00766557  0.14246782 -0.0021476 ]
 [-0.0021476   0.00686408  0.00832017]]
-------------8820tle211------------------------------------
[[ 0.00284626  0.00378236  0.00366835]
 [ 0.00378236  0.05935073  0.00366835]
 [ 0.00366835 -0.00020713  0.00758924]]
-------------8820tle221------------------------------------
[[ 0.00083655 -0.00431329  0.00055088]
 [-0.00431329  0.09368978  0.00055088]
 [ 0.00055088 -0.00576474  0.00075804]]
-------------8820tle231------------------------------------
[[ 0.00078913 -0.00037865  0.00027341]
 [-0.00037865  0.06687623  0.00027341]
 [ 0.00027341  0.00551196  0.00156641]]
-------------8820tle241------------------------------------
[[ 0.00056095 -0.00342854 -0.00162933]
 [-0.00342854  0.09527552 -0.00162933]
 [-0.00162933  0.00428495  0.00573202]]
-------------8820tle251------------------------------------
[[ 0.00780205  0.05496457  0.00221781]
 [ 0.05496457  0.41306894  0.00221781]
 [ 0.00221781  0.01746939  0.00401499]]
-------------8820tle261------------------------------------
[[  1.09686851e-03   8.99245070e-03   8.61269178e-05]
 [  8.99245070e-03   1.98812177e-01   8.61269178e-05]
 [  8.61269178e-05   7.65595888e-03   1.17087664e-03]]
-------------8820tle271------------------------------------
[[  4.79126783e-04   4.41571743e-03   9.75574130e-06]
 [  4.41571743e-03   4.62876992e-02   9.75574130e-06]
 [  9.75574130e-06   1.16939112e-03   1.54270279e-03]]
-------------8820tle281------------------------------------
[[ 0.00171004  0.01598377 -0.00069063]
 [ 0.01598377  0.23959379 -0.00069063]
 [-0.00069063  0.00099118  0.00240095]]
-------------8820tle291------------------------------------
[[ 0.00116612  0.01055844  0.00122138]
 [ 0.01055844  0.19406307  0.00122138]
 [ 0.00122138  0.01907069  0.00261666]]
-------------8820tle301------------------------------------
[[ 0.00580744 -0.03506387 -0.00377181]
 [-0.03506387  0.29770922 -0.00377181]
 [-0.00377181  0.0203941   0.00270116]]
-------------8820tle311------------------------------------
[[ 0.00165009  0.0084464  -0.00314934]
 [ 0.0084464   0.07666941 -0.00314934]
 [-0.00314934 -0.01736359  0.00837532]]
-------------8820tle321------------------------------------
[[  2.08772399e-03  -7.18630301e-03  -2.00259979e-03]
 [ -7.18630301e-03   1.29554797e-01  -2.00259979e-03]
 [ -2.00259979e-03  -1.20481899e-04   4.13687927e-03]]
-------------8820tle331------------------------------------
[[ 0.00270125 -0.00285084 -0.00159765]
 [-0.00285084  0.02844278 -0.00159765]
 [-0.00159765 -0.00209815  0.00307331]]
-------------8820tle341------------------------------------
[[ 0.00015263  0.00058757  0.0002828 ]
 [ 0.00058757  0.06549991  0.0002828 ]
 [ 0.0002828  -0.02039492  0.01084017]]
-------------8820tle351------------------------------------
[[ 0.00229194  0.01225111  0.00606175]
 [ 0.01225111  0.1048239   0.00606175]
 [ 0.00606175  0.03563437  0.01848473]]
-------------8820tle361------------------------------------
[[ 0.00033962  0.00044867 -0.00078172]
 [ 0.00044867  0.12408375 -0.00078172]
 [-0.00078172 -0.00041555  0.00432877]]
-------------8820tle371------------------------------------
[[ 0.00083094  0.00339664  0.00185053]
 [ 0.00339664  0.03266648  0.00185053]
 [ 0.00185053  0.00236869  0.01138846]]
-------------8820tle381------------------------------------
[[ 0.00077837  0.00058671 -0.00254089]
 [ 0.00058671  0.21183347 -0.00254089]
 [-0.00254089  0.08464653  0.07515172]]
-------------8820tle391------------------------------------
[[ 0.00173597  0.01218226 -0.00263066]
 [ 0.01218226  0.12473775 -0.00263066]
 [-0.00263066 -0.03003567  0.01469316]]
-------------8820tle401------------------------------------
[[ 0.0005893   0.00429457 -0.00187654]
 [ 0.00429457  0.05380178 -0.00187654]
 [-0.00187654 -0.02444249  0.0182114 ]]
-------------8820tle411------------------------------------
[[ 0.00295162  0.02126363 -0.00664715]
 [ 0.02126363  0.43514451 -0.00664715]
 [-0.00664715 -0.10048955  0.03194765]]
-------------37673tle1------------------------------------
[[ 0.01751139 -0.00693097 -0.00713953]
 [-0.00693097  0.59306364 -0.00713953]
 [-0.00713953  0.00290526  0.0030035 ]]
-------------37673tle16------------------------------------
[[  6.05684719e-04   2.45778137e-01   7.46994924e-04]
 [  2.45778137e-01   2.95666791e+02   7.46994924e-04]
 [  7.46994924e-04   4.30380998e-01   1.48820539e-03]]
-------------37673tle31------------------------------------
[[  3.30936388e-02  -1.37617903e-01   4.92113885e-04]
 [ -1.37617903e-01   1.13821418e+00   4.92113885e-04]
 [  4.92113885e-04  -6.10852929e-03   9.60008655e-05]]
-------------37673tle46------------------------------------
[[ 0.01660855 -0.00683473 -0.00337993]
 [-0.00683473  0.40890177 -0.00337993]
 [-0.00337993  0.00303277  0.00073274]]
-------------37673tle61------------------------------------
[[  3.54319160e-03   2.00836414e-01  -2.01298542e-03]
 [  2.00836414e-01   1.26496569e+01  -2.01298542e-03]
 [ -2.01298542e-03  -1.23137621e-01   1.34904022e-03]]
-------------37673tle76------------------------------------
[[  1.24077914e-02  -4.11544140e-02  -5.18677565e-03]
 [ -4.11544140e-02   5.20479111e+00  -5.18677565e-03]
 [ -5.18677565e-03   9.88074219e-03   2.22200812e-03]]
-------------37673tle1------------------------------------
[[ 0.01751139 -0.00693097 -0.00713953]
 [-0.00693097  0.59306364 -0.00713953]
 [-0.00713953  0.00290526  0.0030035 ]]
-------------37673tle16------------------------------------
[[  6.05684719e-04   2.45778137e-01   7.46994924e-04]
 [  2.45778137e-01   2.95666791e+02   7.46994924e-04]
 [  7.46994924e-04   4.30380998e-01   1.48820539e-03]]
-------------37673tle31------------------------------------
[[  3.30936388e-02  -1.37617903e-01   4.92113885e-04]
 [ -1.37617903e-01   1.13821418e+00   4.92113885e-04]
 [  4.92113885e-04  -6.10852929e-03   9.60008655e-05]]
-------------37673tle46------------------------------------
[[ 0.01660855 -0.00683473 -0.00337993]
 [-0.00683473  0.40890177 -0.00337993]
 [-0.00337993  0.00303277  0.00073274]]
-------------37673tle61------------------------------------
[[  3.54319160e-03   2.00836414e-01  -2.01298542e-03]
 [  2.00836414e-01   1.26496569e+01  -2.01298542e-03]
 [ -2.01298542e-03  -1.23137621e-01   1.34904022e-03]]
-------------37673tle76------------------------------------
[[  1.24077914e-02  -4.11544140e-02  -5.18677565e-03]
 [ -4.11544140e-02   5.20479111e+00  -5.18677565e-03]
 [ -5.18677565e-03   9.88074219e-03   2.22200812e-03]]
