1.00941488999 -0.00692052649686 -5.7394717295 -0.0149803972362
2.39146021 0.00544919216225 -4.40704423963 -0.0593170002086
3.41126927 0.0237554755217 -3.5923704337 -0.071716448101
4.43062322 0.0409603323629 -3.59262630353 -0.0875303628025
5.51537446999 0.0673205374933 -3.03673678255 -0.107012730806
6.85992211 0.103952987933 -6.97109794158 -0.101957597888
7.88265666999 0.134270855293 -4.19989079265 -0.0921994725362
9.39157054999 0.182361652732 7.46692219195 -0.0678518086386
10.41137062 0.237590699037 -0.167640511809 -0.0604732625291
11.43074439 0.267743258693 -15.985106017 -0.0534139232295
12.51560251 0.296008355695 -17.4591891766 -0.0383458804398
13.85997294 0.347301785471 -22.3351115534 -0.0622086299989
14.88295776 0.390912063063 -17.509112006 -0.0834757870246
1.38204532001 0.0656187353109 -2.12232773013 -0.0320132236242
2.40185438001 0.1264316489 -1.11183845898 -0.0363212943474
3.42120833001 0.170724091943 -1.0369924277 -0.0496256317526
4.50595958 0.230325566294 -0.53883341683 -0.0725587679387
5.85050722001 0.307925229674 -3.65839840698 -0.0872873495715
6.87324178 0.370574302736 -1.79183163368 -0.089927754433
8.38215566 0.459266703261 8.55896540201 -0.0822701102636
9.40195573001 0.541520843435 2.02199328468 -0.0909235743995
10.4213295 0.601031295535 -10.809375822 -0.100337005368
11.50618762 0.638954190857 -12.6124315492 -0.089009131256
12.85055805 0.713282547185 -16.8361788647 -0.123611574642
13.87354287 0.759584811281 -12.7115115121 -0.151292892239
1.01980906 -0.0530358089733 -3.81004247283 -0.00917722569647
2.03916301 -0.088782895757 -3.46112219899 -0.0116291425946
3.12391425999 -0.135475430359 -2.83261864091 -0.00683507554146
4.4684619 -0.185855327551 -4.6293406363 0.0163641786539
5.49119645999 -0.237524498207 -3.56015113073 0.0308863910495
7.00011033999 -0.316240913984 5.26630655495 0.0501830204736
8.01991041 -0.347137117312 0.420591275356 0.0687930077459
9.03928418 -0.36468646909 -8.62717282256 0.0876511434514
10.1241423 -0.384763097404 -10.533065411 0.0916059498286
11.46851273 -0.419774606193 -13.6057736877 0.105063151012
12.49149755 -0.435257738189 -10.1880256742 0.113553538661
1.01935395 -0.0366201108249 -0.611445115518 -0.00311517410325
2.10410519999 -0.0867967846044 0.11232893265 0.00127787434189
3.44865284 -0.14196018813 -0.773238228757 0.025597532584
4.47138739999 -0.196478221121 -0.166044410459 0.0412208112081
5.98030127999 -0.28262670268 7.4232157742 0.0624668646002
7.00010135 -0.319666825858 3.66310938371 0.0820136732528
8.01947512 -0.341094688613 -3.04939757747 0.101576756287
9.10433324 -0.362581077908 -4.99817523416 0.106210290378
10.44870367 -0.402341403708 -7.4333327904 0.11942794853
11.47168849 -0.423386226961 -4.55051421702 0.127752331528
1.08475124999 -0.0448942669872 -6.49977195971 0.00312046797784
2.42929889 -0.103503032269 -6.47243701691 0.0283600667518
3.45203344999 -0.158279227548 -6.16606220801 0.0451780491137
4.96094732999 -0.239264998687 0.179610919775 0.0689919002143
5.9807474 -0.284330479684 -2.54779514851 0.0894603563436
7.00012117 -0.316536088589 -7.24943693699 0.109761401009
8.08497929 -0.340470684268 -9.14673328462 0.115585234051
9.42934972 -0.385483620305 -11.0059546685 0.127388753839
10.45233454 -0.406362561517 -8.60888919259 0.134531345155
1.34454764001 -0.0472468103916 -2.50687084458 0.0237350916883
2.3672822 -0.0928414454916 -2.32429251791 0.0412979916979
3.87619608 -0.162052862548 2.71464834004 0.0691842926366
4.89599615001 -0.19747254085 1.04881141993 0.0893230020635
5.91536992001 -0.223419290191 -1.85029911807 0.109237690132
7.00022804001 -0.238314607454 -3.58040005305 0.11850500045
8.34459847001 -0.26949204493 -4.87679050329 0.122390643315
9.36758329 -0.284830909567 -2.93675691521 0.122904363437
1.02273455999 0.0282436028118 -3.89258524267 -0.00175682407705
2.53164843999 0.0753223632589 -0.512934790228 0.00340902042974
3.55144851 0.129621370183 -0.980593369871 -0.0013722486917
4.57082228 0.173221663283 -2.1762736683 -0.00576658863191
5.6556804 0.20858378032 -3.58996115321 0.00288913082416
7.00005083 0.273614441552 -4.35168506561 -0.0219383974003
8.02303564999 0.304776182108 -2.93873060798 -0.0428149155314
1.50891388 0.0128640697923 -0.0347648033171 0.012439456793
2.52871395001 0.0430906539146 0.375292846282 0.0140768077357
3.54808772001 0.0648812873609 0.113197977562 0.0159674001565
4.63294584001 0.0898930319525 -0.909748280364 0.0261940187883
5.97731627001 0.13174416359 -1.2691635019 0.00564071657141
7.00030109 0.152317634203 -0.15975859719 -0.012444931934
1.01980007001 -0.0625788783055 0.531930221219 0.024974902088
2.03917384001 -0.118684093107 0.951961133776 0.0496190074161
3.12403196001 -0.147777933972 0.62762070003 0.0608078093109
4.46840239001 -0.210192904106 0.648655880985 0.0661484277415
5.49138721 -0.238221651737 1.36378997847 0.0676048860625
1.01937377 -0.0573305641808 -2.51499087381 0.0259633588992
2.10423189 -0.0891570241268 -2.24689119637 0.0379527239189
3.44860232 -0.156918291711 -2.03415943527 0.0428685575355
4.47158713999 -0.186516721785 -1.52665502826 0.0438541494297
1.08485812 -0.0289878155146 -2.86953269395 0.0130194473482
2.42922855 -0.0997054835813 -2.52453907336 0.0166634408791
3.45221336999 -0.130011800996 -2.1747043543 0.0164527871523
1.34437043 -0.058015080029 -5.3253438062 -0.00199737489965
2.36735524999 -0.0831175272394 -5.07819175542 -0.00690497404948
1.02298481999 0.0195325205646 -1.02455977491 -0.0138156223626
