1.09232489001 0.0255451216588 -5.90715068627 -0.00427140955899
2.46211444001 0.071477715583 -5.32923430379 -0.0141106419851
3.55226184001 0.0769460998466 -5.17499526935 -0.00131621950259
4.90018102001 0.136024645969 -4.68478278752 -0.0246798200081
6.11289007001 0.197182658756 -2.71541010056 -0.0485734562491
7.13247658 0.23423695824 -3.10125572371 -0.0697576118545
8.51322852001 0.319473958879 -5.4851350466 -0.0804117522775
9.52328275 0.37854103333 -7.52198474914 -0.0921184188288
10.08420332 0.711326439291 -8.82267010212 0.00200010323591
10.55230709 0.400725604092 -13.346260335 -0.0967927079418
11.96287319 0.491028120941 -13.8655805312 -0.0835934211205
13.11296423 0.525393533952 -20.4959883618 -0.0520355018094
14.13152473 0.551681240605 -21.0612060908 -0.0157461969456
1.36978955 0.00506890992133 -6.50586317501 -0.00482864808125
2.45993695 0.000574708032662 -6.27424687615 0.00823654912481
3.80785613 0.026429223854 -5.6873651902 -0.0167872420938
5.02056518 0.0527668355058 -4.11979082143 -0.0421158505166
6.04015168999 0.0684797746636 -4.3362089867 -0.0660607421859
7.42090363 0.122807176952 -6.35304104362 -0.0780476192181
8.43095785999 0.16113436061 -7.85791458509 -0.0905321879101
8.99187843 0.403079365489 -9.45740121972 0.0165942327247
9.45998219999 0.173745084862 -12.4352333147 -0.0927137992497
10.8705483 0.237199892882 -13.0072695217 -0.0794767124488
12.02063934 0.262747750134 -18.5503879027 -0.0503507345016
13.03919984 0.276930529204 -18.9488906353 -0.0189918998159
1.0901474 -0.0178115123999 -0.643762219391 0.00864362283615
2.43806658 -0.0698139864629 0.0474205791288 -0.0104530350555
3.65077563 -0.125495888443 1.14870243018 -0.0289932876493
4.67036213999 -0.15854232034 1.08124503029 -0.0497923059987
6.05111408 -0.197157269812 -0.47038189864 -0.0602094552344
7.06116830999 -0.222813084838 -1.41587237147 -0.0698598035617
7.62208888 -0.318592671654 -3.34972795664 0.0247120876557
8.09019264999 -0.236697641846 -4.64620537003 -0.066580981495
9.50075875 -0.267368580891 -5.26025919576 -0.0581724855836
10.65084979 -0.28127675213 -9.59675511658 -0.0457460097032
11.66941029 -0.299595502986 -9.83393303453 -0.0367572086581
1.34791918 -0.0637864366161 -2.1408984563 -0.0170341093036
2.56062823 -0.134772341521 -1.32579394273 -0.0332472600064
3.58021473999 -0.17773920868 -1.28752907064 -0.0525395890302
4.96096668 -0.241760948288 -2.44712323552 -0.0622812358872
5.97102090999 -0.285363581757 -3.02117208249 -0.0709952801201
6.53194148 -0.480970641491 -5.25401902539 0.0170357632718
7.00004524999 -0.308746358209 -5.33060044137 -0.0668117891679
8.41061135 -0.366333483721 -5.9678885993 -0.0598327148382
9.56070239 -0.395352154265 -9.46854285357 -0.0518746993084
10.57926289 -0.421352720035 -9.5992681445 -0.0483496216744
1.21270905 -0.00559620358368 -0.613536003487 -0.0233353163321
2.23229555999 -0.00933741120104 -0.369346430348 -0.0459147354747
3.6130475 0.0134593186355 -0.864369270708 -0.05715906218
4.62310172999 0.0290826548467 -0.964849226645 -0.0686565601718
5.1840223 0.159648003884 -3.13482103275 0.0326887469501
5.65212606999 0.0335459847389 -2.25509588764 -0.0696177422241
7.06269217 0.0661811805952 -2.77156754873 -0.0576834305258
8.21278321 0.0846184690314 -5.30984680111 -0.0323466522266
9.23134370999 0.0870992245091 -5.27834961333 -0.00598458255586
1.01958650999 0.0366021940594 -0.51061116567 0.00140602024017
2.40033845 0.128560244939 -0.480275550401 0.00249309212535
3.41039267999 0.190985103793 -0.306669808347 0.00223091967218
3.97131325 0.528701648326 -2.71061771704 -0.00518666251832
4.43941701999 0.224109628672 -0.902433848518 -0.0024181671602
5.84998312 0.317517529375 -1.37580113579 0.000203044596798
7.00007416 0.370750811586 -3.24090135641 0.0129433059418
8.01863465999 0.399261193155 -3.12936176881 0.0306788105055
1.38075194001 0.0784744747507 -5.68930091742 0.00238006116196
2.39080617 0.139065610398 -5.25094542448 0.00334410988841
2.95172674001 0.469228266374 -7.2420324414 -0.0144694995376
3.41983051 0.170367064189 -5.35287637935 -0.00116030138331
4.83039661001 0.261836817387 -5.61309747606 0.000316032046494
5.98048765001 0.313209091677 -6.926380735 0.0107532980751
6.99904815 0.340459219864 -6.72898968845 0.0260394964978
1.01005422999 -0.0504869540632 -5.82903312901 -0.0146436863678
1.5709748 -0.30949273159 -6.84988112927 0.124043445777
2.03907856999 -0.0840718434437 -5.46560866817 -0.0110493738683
3.44964467 -0.158172732077 -5.31955500882 0.00148301313703
4.59973571 -0.199983980504 -5.9904484705 0.0204280921983
5.61829620999 -0.230713215838 -5.71241527471 0.035497695551
0.560920570012 -0.00663955615493 -1.45910491796 0.107844475995
1.02902434 -0.0136749000461 -0.764624304547 -0.000119434813178
2.43959044001 -0.0188735705671 -0.22039464734 0.0119584807632
3.58968148001 -0.0233274512582 -0.473896326644 0.0363206798522
4.60824198 -0.0348463940997 -0.098250787164 0.0608097738415
0.468103769988 0.315679053869 -3.91444697741 -0.103384593158
1.87866987 0.220993594756 -3.38758717491 -0.0953462119818
3.02876091 0.168048439882 -3.5955548111 -0.0872866134948
4.04732140999 0.137410370474 -3.28043417536 -0.0843067560575
1.41056610001 -0.0774717484952 -2.80094853301 0.0145891444234
2.56065714001 -0.124703677591 -2.80429126873 0.0376844537364
3.57921764 -0.157253443566 -2.4213007418 0.0569421403599
1.15009104 0.0168472363563 -3.96022240495 0.0106571211125
2.16865153999 0.0230174775522 -3.47017254536 0.0244326708727
1.01856049999 0.00995712629986 -4.80500637012 -0.00126789756722
