1.01011878999 -0.0489860663137 -3.39613921907 -0.0265817921829
2.49519205 -0.0782881682316 -4.68517289049 -0.045262102887
3.51387044 -0.115666095187 -5.53470859694 -0.0551983104107
4.96076633999 -0.169057879493 -5.57474323887 -0.0503943155683
5.98049960999 -0.2077108211 -5.08379793408 -0.0427522455825
6.99987146 -0.238149041852 -10.0419709975 -0.031007638229
8.01948744999 -0.26891284869 -14.9918646696 -0.0164571446457
9.42902967999 -0.317770912664 -12.5529728575 -0.00660755721969
10.44806333 -0.348891218697 -9.95953370614 0.0130132650336
11.9606653 -0.388706615434 -9.31162690523 0.0287528788212
12.98044818 -0.406526414251 -8.99141504131 0.031144506584
13.9997982 -0.42154568065 -16.0874658413 0.0446972267119
15.01942592 -0.434772499225 -9.60035935462 0.0515134520323
1.48507326001 -0.0197272102199 -1.86414144104 -0.0243853513012
2.50375165001 -0.0317365734173 -2.28201608048 -0.0240854737499
3.95064755 -0.0384696553142 -2.14822026256 -0.0367058916343
4.97038082 -0.0340759516264 -1.47445160221 -0.0244584779719
5.98975267001 -0.0160792895098 -5.29694257631 -0.0123287119782
7.00936866 -0.0122148134475 -9.525290352 0.0121933397019
8.41891089 -0.0051501058035 -7.74246818271 0.0368406725443
9.43794454 -0.00146823751725 -5.53929909111 0.0612053156931
10.95054651 0.0243686039834 -4.97910254722 0.073212371151
11.97032939 0.047671675853 -4.65554749515 0.0731409922609
12.98967941 0.0743760484998 -10.8995343139 0.0603162190596
14.00930713 0.114768711041 -5.17741940754 0.0475980916331
1.01867839 0.0116509080194 -6.95489780077 0.0110704316005
2.46557428999 0.0589248511831 -6.70028437601 -0.00726390690654
3.48530755999 0.106510083163 -6.00137574599 -0.00248331769085
4.50467941 0.165939944586 -8.43665467007 -0.00170669324486
5.52429539999 0.201566048014 -11.6703107324 0.00893100829775
6.93383762999 0.260941148436 -10.7415432156 0.0240517745976
7.95287127999 0.299050187813 -9.10827937123 0.0285761776339
9.46547325 0.376372478413 -8.74738317398 0.0244056695018
10.48525613 0.427656326235 -8.47857556327 0.0217958555819
11.50460615 0.475376924991 -13.6274245133 -0.00567830397477
12.52423387 0.549792851959 -9.01084528507 -0.0266578677496
1.44689589999 0.0463370085077 -0.552491749953 -0.0168522919206
2.46662916999 0.0929961549142 0.0873994307474 -0.0141691353982
3.48600102 0.155566050512 -1.47936178922 -0.0154804004498
4.50561700999 0.196144559753 -3.99699052649 -0.00881851092439
5.91515923999 0.255085924061 -3.46325411835 0.00230380472313
6.93419288999 0.291549937902 -2.14859670549 0.00235910319359
8.44679486 0.3689354487 -1.83603808694 -0.00431889823457
9.46657774 0.420112015042 -1.56032667244 -0.00704779269658
10.48592776 0.474292824879 -5.96900668004 -0.0333329401944
11.50555548 0.543057734873 -1.99507765681 -0.0530969729519
1.01973327 -0.0484485833449 -1.95818614365 0.0132479850781
2.03910512001 -0.0955763785176 -2.44713546759 0.029667824903
3.05872111 -0.130551041282 -3.94008450897 0.0548158151713
4.46826334 -0.189373731722 -3.74907374732 0.0764093909343
5.48729699 -0.228099595566 -2.81846340821 0.107405606036
6.99989896001 -0.284460045384 -2.47601427826 0.128581390379
8.01968184001 -0.314151492246 -2.12914685924 0.130903322718
9.03903186 -0.338080837655 -5.49806797135 0.137646775272
10.05865958 -0.371275180061 -2.25241537593 0.139054976796
1.01937185001 -0.0490461996717 -2.57875552734 0.0173846768274
2.03898784 -0.0868221397348 -3.34667479432 0.0443378060388
3.44853007 -0.148298622748 -3.26550242977 0.0677837219505
4.46756372 -0.188712810504 -2.56426898886 0.100924975843
5.98016569001 -0.250143182912 -2.22674776334 0.123315997061
6.99994857001 -0.283534551255 -1.87728561071 0.125702741605
8.01929859 -0.312255175865 -4.63451142867 0.131926443078
9.03892631001 -0.35016825196 -1.93110729582 0.132864746562
1.01961598999 -0.0349303688338 -4.78652884304 0.0290878981536
2.42915821999 -0.0975265593015 -4.68969605193 0.0548085708604
3.44819186999 -0.138535464918 -4.17602959644 0.0902388275097
4.96079384 -0.202740750206 -3.81839246023 0.113739470929
5.98057672 -0.238207154815 -3.46449922131 0.116118779209
6.99992673999 -0.270679237856 -5.65990426976 0.121061468154
8.01955446 -0.310521640619 -3.45365446628 0.120919344212
1.40954223 -0.0587331638616 -5.86497912355 0.0277795799771
2.42857588 -0.100733856983 -5.50146161671 0.0654960334183
3.94117785001 -0.168649681796 -5.1054877302 0.090219536137
4.96096073001 -0.2069188238 -4.74902250141 0.0926386929024
5.98031075 -0.243667882797 -6.43607223486 0.0967588147036
6.99993847001 -0.286809468789 -4.68577691345 0.0958796761604
1.01903365 0.0125134642717 -2.43963660347 -0.00547578832411
2.53163562001 0.0611479470429 -1.8999786031 -0.0136235505535
3.55141850001 0.096983025199 -1.52639880033 -0.0158667109084
4.57076852 0.139851979442 -2.5881443682 -0.034294356288
5.59039624001 0.190760644517 -1.41343530381 -0.0483227269765
1.51260197001 0.0366252963562 -5.78642322275 -0.0100913117285
2.53238485001 0.0717945778516 -5.40293640998 -0.0124078383868
3.55173487 0.113565199223 -6.07133565123 -0.0297127466347
4.57136259001 0.163762280932 -5.24106085179 -0.0425825977316
1.01978288 -0.0436217066145 0.0495622419856 0.00230675777191
2.03913289999 -0.0889758718022 -0.148704249986 0.000944221350847
3.05876062 -0.13880746237 0.254204787767 -0.00468753080626
1.01935001999 -0.0435145506814 -5.98657392508 -0.0019882652147
2.03897774 -0.0965240726589 -5.83204116304 -0.00829248275822
1.01962772001 -0.0486976115323 -7.28193162516 -0.00745367596927
