1.21969478999 -0.0498072866655 -5.1562884621 -0.00925858218531
2.56943940999 -0.111304402966 -5.13342800397 -0.00571451386154
4.46766874999 -1.94765507863 143.596736787 -0.0271750974367
5.48770112999 -1.97578332374 143.110958883 -0.0153075454414
6.579127 -1.96993647577 140.975156618 -0.00185654970114
7.59001061 -2.00275175477 140.11099571 0.0163407384936
8.60850328999 -2.03476761057 139.815589122 0.0235368634073
9.99021017999 -2.06754730226 139.848624015 0.0234838586443
11.00985826 -2.18056208774 143.68200945 0.0303910044479
12.02922052 -2.33918815846 150.062481718 0.0285826254857
13.57901568 -2.51245542779 156.180355819 0.0384688273697
14.58983907 -2.54591478576 156.807818793 0.0529699750431
16.10399532 -3.03671452901 175.108908988 0.0485950848228
1.34974462 -0.0462614613509 -0.260404865661 0.00226486584143
3.24797396 -0.961664731857 99.9930105995 -0.00585404424126
4.26800634 -0.98548317987 99.7718639838 0.00805394801231
5.35943221001 -0.989712087002 98.2776608373 0.0229389095849
6.37031582001 -1.01478065754 97.6334977369 0.0409300471509
7.3888085 -1.03514754976 97.347766788 0.0518605752245
8.77051539 -1.05308336444 97.6488160135 0.0517996016851
9.79016347 -1.11297302608 100.506583884 0.0500601885124
10.80952573 -1.20696235153 105.915479293 0.0427043120121
12.35932089 -1.30049010607 110.940044937 0.0365857815165
13.37014428 -1.3175445598 111.696272352 0.0332978191368
14.88430053 -1.60310955399 127.348013275 0.018124766084
1.89822934 -0.110706856829 45.2384441914 0.00183937252218
2.91826172 -0.0944050458754 45.2372567212 0.0100443457901
4.00968759001 -0.066749279531 44.373342364 0.0175085600989
5.02057120001 -0.039018379812 43.9362600996 0.0224866786423
6.03906388 -0.014869526399 43.6657398358 0.0330309893669
7.42077077 0.0268953817677 44.1337580385 0.0330970307489
8.44041885 0.0401098858456 46.0590385728 0.0152009208352
9.45978111001 0.0251121582934 50.4586438285 0.001714656654
11.00957627 0.0455344048373 54.3610943022 -0.0320157825035
12.02039966 0.0770614554662 55.1857716533 -0.0678907059462
13.53455591 0.0455905692034 68.06931189 -0.0948670114428
1.02003238 0.0312292131284 -0.823563936563 0.000275887986751
2.11145825001 0.0716697901376 -0.952252764545 -0.000786189486861
3.12234186001 0.118552274034 -1.17178041351 -0.00677407504776
4.14083454 0.157713526701 -1.4067717545 -0.00197810834094
5.52254143 0.219845829012 -0.866751022946 -0.00182764332882
6.54218951 0.259067992208 0.0496345623309 -0.0210588773122
7.56155177001 0.281135587737 3.17593978228 -0.0317562997894
9.11134693 0.346216689335 5.75752429542 -0.0660420544457
10.12217032 0.395298564528 6.61670261639 -0.104257147747
11.63632657 0.483603684585 16.0946370165 -0.125610376485
1.09142587001 0.0308917304447 -2.28383317594 -0.000960908706107
2.10230948001 0.0702829143254 -2.381463367 -0.00659972765238
3.12080216 0.103930627313 -2.55986236101 -0.00209894660123
4.50250905 0.159918273125 -2.02723280883 -0.00196195480922
5.52215713 0.195344599787 -1.48392221779 -0.0201051184262
6.54151939001 0.215627378098 1.0400910776 -0.0302488167738
8.09131455 0.276501729535 3.0650124346 -0.062572112114
9.10213794 0.321948569278 3.93440422472 -0.0985031820194
10.61629419 0.409882993604 11.850257508 -0.118811136144
1.01088361 0.00654258572463 -1.01196147149 0.00303131717165
2.02937628999 0.0158854259015 -1.10594389787 0.0114777468163
3.41108317999 0.0433310374792 -0.619290898008 0.0115407237861
4.43073125999 0.0596290214723 -0.346200360434 -0.00422042566609
5.45009352 0.0684573394978 1.59628388031 -0.0157340906718
6.99988867999 0.102988877785 3.14418543767 -0.0451386748201
8.01071206999 0.12882423467 4.01774096586 -0.076430657609
9.52486832 0.183842801828 10.4739021468 -0.0995248231485
1.01849267999 0.0363342244279 -6.04528406874 -0.00393843592058
2.40019956999 0.104186412692 -5.76495249928 -0.00379196076551
3.41984764999 0.149630722104 -5.70794269093 -0.0182551228234
4.43920991 0.174819482163 -4.29575437591 -0.0220889747473
5.98900506999 0.247720653893 -3.23168305079 -0.0456740802209
6.99982845999 0.301605874222 -2.46824695948 -0.0739251171088
8.51398471 0.408368571986 2.58651672084 -0.0817091562404
1.38170689 0.0675914857815 -0.112568824676 0.000108744534626
2.40135497 0.11428612643 -0.1239826682 -0.0122935028884
3.42071723001 0.138416748544 0.82949192868 -0.0138041582135
4.97051239 0.211410599768 1.56847522781 -0.03313463331
5.98133578 0.265027224418 2.255083569 -0.0572268648376
7.49549203001 0.369372031779 6.17375798669 -0.0604216050201
1.01964808 -0.0407809545508 -4.08596851037 -0.00305534257467
2.03901034001 -0.0672058882395 -3.66596431896 -0.0145677734603
3.5888055 -0.130328565972 -3.18536367939 -0.0248942155816
4.59962889 -0.177154095199 -2.60737056715 -0.031508214786
6.11378514001 -0.262164055283 0.137427002657 -0.0543362063906
1.01936226001 -0.0211149223327 -7.13726256713 -0.0124508947647
2.56915742 -0.0870446032179 -6.79602472897 -0.024481497404
3.57998081 -0.13628735211 -6.35610462988 -0.0327182522162
5.09413706001 -0.224459879179 -4.40698829555 -0.0573818607315
1.54979515999 -0.0672074682256 -0.150255095786 -0.0144012657059
2.56061854999 -0.118346905316 0.130018791083 -0.0249990414076
4.0747748 -0.210036911261 1.43546890308 -0.051875982652
1.01082339 -0.00336487802041 -5.63770693884 -0.023818854308
2.52497964001 0.0222853639889 -4.93810213098 -0.0400030777751
1.51415625001 0.0831969307718 -4.28708896075 0.0101249593662
