1.01932850999 -0.0423913043516 -4.18084662297 0.0107451747804
2.43002947999 -0.108419187636 -4.31949964671 0.00581475487321
3.44813372 -0.160821017113 -3.4667586583 0.000258806149089
4.54019355999 -0.207794937919 -3.0494446447 -0.0166820955872
5.55949074999 -0.257824173297 -5.3987822599 -0.0343542043646
7.27023908999 -5.05953616246 248.258668635 -0.0858757438583
8.97021886 -5.23309060408 251.406434468 -0.0892283469019
10.05981259 -5.43146015786 255.641262996 -0.0803979005825
11.27472275 -6.1349112773 272.156821448 -0.0818486740822
12.486042 -6.23390808678 274.099552388 -0.0788384509665
13.50445497 -6.4360870685 278.596632671 -0.0748910760975
14.58788948 -6.92628393171 289.580505038 -0.0670863417921
15.97001317 -7.34882581028 298.856925964 -0.0595696486383
1.41070097 -0.0634570302165 -4.28283385197 -0.00494347039861
2.42880521001 -0.115743391533 -3.85423579634 -0.0129968810549
3.52086505 -0.164478835515 -3.4880344011 -0.0324080623819
4.54016224 -0.216796524312 -5.17501882771 -0.0500614575978
6.25091058 -3.6685651623 208.024931601 -0.0961241077966
7.95089035001 -3.81257040146 210.688115041 -0.0981879594204
9.04048408 -3.96683039265 214.192393034 -0.0892661516122
10.25539424 -4.48064943158 227.931699633 -0.0878721851543
11.46671349 -4.5635967841 229.72593574 -0.0813073975708
12.48512646 -4.72475052114 233.793666344 -0.074950988653
13.56856097 -5.10164902077 243.53481642 -0.0658160766589
14.95068466 -5.43542536893 251.956675178 -0.0582043117868
1.01810424001 0.0177958167124 -0.0453703033735 -0.0231707674226
2.11016408 0.0428640726501 0.227107023373 -0.0370821773085
3.12946127 0.0607907125968 -0.60765569152 -0.0226360601782
4.84020961 -1.52371315918 155.827634752 -0.0203884405592
6.54018938001 -1.50542265202 157.860375577 -0.0034370432472
7.62978311 -1.49056721516 160.413091033 -0.0111554098921
8.84469327 -1.66935216948 170.693091414 0.0179104217566
10.05601252 -1.6881605352 172.277173127 0.0580446265885
11.07442549 -1.73137047296 175.733758138 0.0831341950345
12.15786 -1.90151296163 183.853156886 0.0905905951028
13.53998369 -2.01603096923 191.060695373 0.0841090409011
1.09205983999 0.0174826826167 -6.02910930383 -0.0089886402882
2.11135702999 0.0388703116691 -6.41180151551 0.00768637291059
3.82210536999 -0.715037583361 109.610574461 0.00887750877224
5.52208514 -0.672852001035 111.215090311 0.024681650717
6.61167886999 -0.628991274026 113.195392005 0.0157949620233
7.82658902999 -0.697516677631 121.2946398 0.0416049439493
9.03790828 -0.700991823059 122.71220176 0.0770787303973
10.05632125 -0.711250807825 125.762728009 0.0987597171662
11.13975576 -0.801467475346 132.800420691 0.103605133844
12.52187945 -0.846544007879 139.231660118 0.0960486219487
1.01929719 -0.0158947303069 -6.36653661877 0.00825780835831
2.73004553 -0.270828648044 66.6226708557 -0.00831090286016
4.43002530001 -0.254423216744 67.8531850594 0.00615357998913
5.51961903 -0.225102708516 69.3673835864 0.00167064346816
6.73452919 -0.257989024651 75.4691834388 0.0276095084434
7.94584844001 -0.264654528026 76.7161516894 0.0651625015813
8.96426141001 -0.268134894663 79.3836558981 0.0891927500879
10.04769592 -0.32108589423 85.3695831502 0.0981432597927
11.42981961 -0.338862149395 91.0833661332 0.0942972218574
1.71074834 -0.0275318975081 28.3431918499 -0.0192045883611
3.41072811001 -0.00727935590111 29.2069543085 -0.00531153225454
4.50032184 0.0286420243546 30.3038155449 -0.00993536752421
5.715232 0.0348491642249 34.7545984788 0.0146890397841
6.92655125001 0.0346809972916 35.8224434374 0.050508005525
7.94496422001 0.0466211134127 38.1140128055 0.0733238454565
9.02839873001 0.0323758127002 43.1644274272 0.0815026655812
10.41052242 0.0504751652942 48.1894956973 0.0774749031137
1.69997977001 -0.0698871172527 -6.63890602413 0.00657714251198
2.7895735 -0.127844535155 -6.11299037397 0.0149337561724
4.00448366 -0.197272255481 -3.90851841833 0.0339394355961
5.21580291001 -0.224785691158 -3.18589981832 0.0639287685461
6.23421588001 -0.257075145837 -1.50882608724 0.0858896063923
7.31765039001 -0.300427302188 2.1012769867 0.102798023486
8.69977408 -0.34938233926 6.06202393145 0.110124716934
1.08959372999 -0.064067012793 -4.83085861914 0.00927474242022
2.30450388999 -0.140283040271 -4.14549347252 0.0306596459401
3.51582314 -0.170286251067 -3.76995197273 0.064035448895
4.53423611 -0.208556756569 -2.67934314221 0.0885115103585
5.61767062 -0.254643685114 -0.301505393344 0.10744107541
6.99979430999 -0.313073080105 2.66723186567 0.115683239656
1.21491016 -0.0786675249585 -5.6873905449 0.020992535355
2.42622941001 -0.110549740414 -5.55444043708 0.0538802236868
3.44464238001 -0.155637408773 -4.83651314498 0.0784626169858
4.52807689001 -0.205436612294 -3.16181400044 0.0987296898176
5.91020058 -0.276761011865 -0.796546371004 0.108546216359
1.21131925001 -0.0214354431278 -4.04316003374 0.0408721782986
2.22973222001 -0.041659797107 -3.65769521985 0.0688843371225
3.31316673001 -0.0696906029533 -2.5989530504 0.0851735400949
4.69529042 -0.0925667233414 -0.760961430043 0.0879768525562
1.01841297 0.0202204452356 -4.06447791805 -5.86759065981e-05
2.10184748 0.0397728522325 -3.56997547342 -0.00736865749736
3.48397116999 0.0963428861764 -2.31180586713 -0.0163422783944
1.08343451 0.0121759040938 -4.88622631635 -0.010601941673
2.46555819999 0.0703158076846 -4.04312994902 -0.0203044150173
1.38212368999 0.0583383180586 -6.5166791111 -0.0116038164822
