0.475729449988,-0.65643526796,-0.116442287032,0.0475449820675,0.000124549008405,0.00070047873617,-1.31826180746e-05,2012-06-14 10:13:09.051744,37673tle24
0.95145969,-1.39775287925,-0.131948092646,0.0557792896161,0.000141008038291,0.00154553622218,1.30808294444e-05,2012-06-13 22:48:05.959007,37673tle23
1.69903624,-2.6149176109,-0.263895160275,0.0528326407698,0.000281045729584,0.00288462400336,2.622724447e-05,2012-06-13 04:51:35.345087,37673tle22
1.97088188,-3.45268309634,-0.158069194513,0.0763853114981,0.000166692789956,0.00375201388634,9.18818970704e-05,2012-06-12 22:20:07.881791,37673tle21
2.78642003999,-4.49032890469,-0.242219405345,0.148727434255,0.000254925080309,0.00488137877467,5.24639986841e-05,2012-06-12 02:45:45.384768,37673tle20
2.99030500999,-5.6653120232,-0.111322636663,0.166471807301,0.000112373070685,0.00609203133002,9.18815528389e-05,2012-06-11 21:52:09.723360,37673tle19
3.80584418,-6.7760470945,-0.227854083456,0.231282380262,0.000234313148854,0.00728196145834,5.25059327419e-05,2012-06-11 02:17:47.139071,37673tle18
3.94176705,-7.51646032713,-0.16466449862,0.21386382693,0.000164648853242,0.00808947004415,6.56652287671e-05,2012-06-10 23:02:03.403103,37673tle17
4.82526804,-9.62692417404,-0.293632139902,0.253393263656,0.000295686190235,0.0103504569194,5.26163077333e-05,2012-06-10 01:49:48.917567,37673tle16
4.96119121,-11.1445758626,-0.210315953625,0.297939228919,0.000200631943818,0.0119637665329,3.95666904213e-05,2012-06-09 22:34:05.155679,37673tle15
5.98061590999,-15.4246648381,-0.250665036231,0.418301130483,0.000223092554176,0.0165152313285,-1.26234449839e-05,2012-06-08 22:06:06.861600,37673tle14
6.25246242,-15.6114537022,-0.250294207972,0.421406813688,0.000221668313831,0.0167159069005,-1.26075053149e-05,2012-06-08 15:34:39.323135,37673tle13
7.1359653,-19.6955964054,-0.317541685199,0.529055505461,0.000268225331417,0.0210990546853,-6.46726220693e-05,2012-06-07 18:22:24.674303,37673tle12
7.47577340999,-21.3182127062,-0.424228497548,0.611209023612,0.000370786864795,0.0228742457393,-0.000103764280597,2012-06-07 10:13:05.253600,37673tle11
7.9515059,-24.0467882122,-0.381648177917,0.580702869871,0.000303915426815,0.0258206443386,-5.10487231354e-05,2012-06-06 22:48:01.966463,37673tle10
8.56316215999,-27.0326828443,-0.480783252223,0.646777817448,0.000383775024582,0.0290941014401,-7.68432421523e-05,2012-06-06 08:07:14.865600,37673tle9
8.97093283999,-29.7680072034,-0.473896329283,0.597793984579,0.000350281657988,0.0320030919242,1.5194373498e-05,2012-06-05 22:20:03.478848,37673tle8
9.78647512999,-32.3724133564,-0.578260922705,0.490847331482,0.000434396787056,0.0349011421991,0.000106971368358,2012-06-05 02:45:40.624992,37673tle7
9.99036111999,-35.0659342072,-0.452094546302,0.488675510425,0.000269608053779,0.0376613568171,0.000146557585184,2012-06-04 21:52:04.875456,37673tle6
10.80590425,-37.6971731587,-0.517152472058,0.520445314635,0.000307413168359,0.0404983161772,0.000146908108879,2012-06-04 02:17:41.949023,37673tle5
10.94182757,-39.3686712706,-0.455002820308,0.532114270282,0.000219711672896,0.0422705494412,0.000147098471373,2012-06-03 23:01:58.174176,37673tle4
11.82533306,-43.9943885248,-0.629500482895,0.704434606871,0.000342389788121,0.0473435187353,3.02587688467e-05,2012-06-03 01:49:43.299840,37673tle3
11.96125699,-46.0712605639,-0.602247894562,0.706567788946,0.000282821471474,0.0495326108974,5.67626561178e-05,2012-06-02 22:33:59.472287,37673tle2
12.98068719,-51.547476173,-0.6604591742,0.75217850528,0.000258164024815,0.0553741276524,8.39392601616e-05,2012-06-01 22:06:00.703007,37673tle1
13.25253524,-51.6641993148,-0.662056948919,0.74045455421,0.000257940499569,0.0554960341429,8.3873590577e-05,2012-06-01 15:34:33.031488,37673tle0
0.475730240012,-0.616415756586,-0.016671743123,0.00961977872849,1.8042953558e-05,0.000710751157578,2.62544944175e-05,2012-06-13 22:48:05.959007,37673tle23
1.22330679001,-1.71167530268,-0.149269865843,0.00734848854786,0.000159291139817,0.00191543882252,3.93920276529e-05,2012-06-13 04:51:35.345087,37673tle22
1.49515243001,-2.45010432732,-0.0425996555346,0.034424076057,4.44609077183e-05,0.00267940868599,0.000105032191373,2012-06-12 22:20:07.881791,37673tle21
2.31069059,-3.40388895385,-0.126965549457,0.104615503629,0.000133438649453,0.00371651395738,6.55915121941e-05,2012-06-12 02:45:45.384768,37673tle20
2.51457556,-4.466472098,0.00531479007365,0.124462421303,-9.91933021543e-06,0.00481048385567,0.000104993558716,2012-06-11 21:52:09.723360,37673tle19
3.33011473001,-5.49942632701,-0.110922123571,0.187122127354,0.000112342326602,0.00591376121382,6.55929895957e-05,2012-06-11 02:17:47.139071,37673tle18
3.46603760001,-6.16887875896,-0.0479127624131,0.170396258686,4.33834165062e-05,0.00664704449824,7.87496388268e-05,2012-06-10 23:02:03.403103,37673tle17
4.34953859001,-8.14751883898,-0.17627348156,0.209179126549,0.000175136967858,0.00876314859244,6.56714060712e-05,2012-06-10 01:49:48.917567,37673tle16
4.48546176001,-9.55532534392,-0.0922175894016,0.252987640997,8.04296192978e-05,0.0102611875645,5.259366289e-05,2012-06-09 22:34:05.155679,37673tle15
5.50488646,-13.6006683429,-0.130305216259,0.370443395399,0.000103812129102,0.0145601636186,3.20203362422e-07,2012-06-08 22:06:06.861600,37673tle14
5.77673297001,-13.7760837222,-0.129878150518,0.373545986264,0.000102493679295,0.0147486726842,3.3300460917e-07,2012-06-08 15:34:39.323135,37673tle13
6.66023585001,-17.654298061,-0.195707529096,0.478292316706,0.00015119723434,0.0189094936,-5.18198113469e-05,2012-06-07 18:22:24.674303,37673tle12
7.00004396,-19.2036699346,-0.302573389557,0.55828967322,0.000255501797527,0.0206032580799,-9.09660194208e-05,2012-06-07 10:13:05.253600,37673tle11
7.47577645001,-21.794938825,-0.259340768829,0.530589794495,0.000190783161061,0.0234039751785,-3.82663958494e-05,2012-06-06 22:48:01.966463,37673tle10
8.08743271,-24.657754478,-0.358860422614,0.595204210682,0.000274223453773,0.0265429823624,-6.41272709065e-05,2012-06-06 08:07:14.865600,37673tle9
8.49520339,-27.2769545709,-0.350086136473,0.551169454876,0.000241797106186,0.0293280421999,2.79143642482e-05,2012-06-05 22:20:03.478848,37673tle8
9.31074568,-29.7851905818,-0.455695284965,0.449177058347,0.000330271532514,0.032120347327,0.000119729782107,2012-06-05 02:45:40.624992,37673tle7
9.51463167,-32.3694818681,-0.325061889358,0.449114828656,0.000163981162639,0.0347675135508,0.000159300183364,2012-06-04 21:52:04.875456,37673tle6
10.3301748,-34.9079435174,-0.38905848706,0.480858672546,0.000203935823226,0.0375035628182,0.000159611792038,2012-06-04 02:17:41.949023,37673tle5
10.46609812,-36.5131482499,-0.325497107873,0.492511158818,0.000116950621868,0.0392068034463,0.000159780868395,2012-06-03 23:01:58.174176,37673tle4
11.34960361,-40.9884050395,-0.499993897514,0.658373454472,0.000245809321624,0.044114284901,4.27763404243e-05,2012-06-03 01:49:43.299840,37673tle3
11.48552754,-42.9938298725,-0.470570069755,0.661912543193,0.000186828384812,0.0462279778246,6.92644255664e-05,2012-06-02 22:33:59.472287,37673tle2
12.50495774,-48.3042074896,-0.524614190357,0.708901444933,0.000165504852477,0.0518911862689,9.63680888349e-05,2012-06-01 22:06:00.703007,37673tle1
12.77680579,-48.4176102122,-0.526058568086,0.69717646909,0.000165284518958,0.0520095128876,9.63079378419e-05,2012-06-01 15:34:33.031488,37673tle0
0.74757655,-0.973678838337,-0.133228776104,-0.00160427871454,0.000142336229611,0.00107046172289,1.31335377109e-05,2012-06-13 04:51:35.345087,37673tle22
1.01942219,-1.61250789866,-0.0258009591469,0.0289328941034,2.70419934391e-05,0.00173086589489,7.87983254912e-05,2012-06-12 22:20:07.881791,37673tle21
1.83496034999,-2.4826302259,-0.110376083516,0.0970174039596,0.000116670528374,0.00267581818395,3.94198487484e-05,2012-06-12 02:45:45.384768,37673tle20
2.03884531999,-3.43247125604,0.0231853132273,0.11893358411,-2.74944193083e-05,0.00365291667341,7.8838164693e-05,2012-06-11 21:52:09.723360,37673tle19
2.85438449,-4.38788512558,-0.092713270708,0.179486414502,9.49454245982e-05,0.00466967094461,3.9489292166e-05,2012-06-11 02:17:47.139071,37673tle18
2.99030736,-4.98626376244,-0.0299815217426,0.163443817832,2.67181014462e-05,0.0053286649248,5.26294960872e-05,2012-06-10 23:02:03.403103,37673tle17
3.87380835,-6.83334281839,-0.157723327375,0.201502599416,0.000158990177278,0.00730002565794,3.95781683306e-05,2012-06-10 01:49:48.917567,37673tle16
4.00973152,-8.13110774012,-0.0730477320252,0.244594372541,6.46086762305e-05,0.00868268373627,2.65318422126e-05,2012-06-09 22:34:05.155679,37673tle15
5.02915621999,-11.941722159,-0.108991797964,0.359216768797,8.86522423905e-05,0.0127291728549,-2.56657562682e-05,2012-06-08 22:06:06.861600,37673tle14
5.30100273,-12.1057631313,-0.108518168108,0.362317155078,8.74311337953e-05,0.0129055144865,-2.56513776639e-05,2012-06-08 15:34:39.323135,37673tle13
6.18450561,-15.7781757835,-0.173067564984,0.464232818058,0.000138046359848,0.0168440690351,-7.77480336182e-05,2012-06-07 18:22:24.674303,37673tle12
6.52431371999,-17.2545652749,-0.280140606929,0.542120519851,0.000243971765559,0.0184565457334,-0.000116848143212,2012-06-07 10:13:05.253600,37673tle11
7.00004621,-19.7084514113,-0.236441177735,0.517187817809,0.000181331502846,0.0211115322779,-6.41779866915e-05,2012-06-06 22:48:01.966463,37673tle10
7.61170246999,-22.4484727411,-0.336479291475,0.580381768967,0.000268214596447,0.0241162358913,-9.0013224566e-05,2012-06-06 08:07:14.865600,37673tle9
8.01947314999,-24.9514793642,-0.325930392014,0.541217656483,0.000236711962217,0.0267773209367,1.99997085449e-06,2012-06-05 22:20:03.478848,37673tle8
8.83501543999,-27.363886164,-0.432930154071,0.444100134248,0.000329457767443,0.0294640562968,9.37538170609e-05,2012-06-05 02:45:40.624992,37673tle7
9.03890142999,-29.8384821507,-0.297930750627,0.446122018768,0.000161514159154,0.0319979176579,0.000133325107491,2012-06-04 21:52:04.875456,37673tle6
9.85444456,-32.2842954725,-0.360958253059,0.477852360499,0.000203467747175,0.0346331203474,0.000133649876961,2012-06-04 02:17:41.949023,37673tle5
9.99036787999,-33.8230314212,-0.29609764926,0.489496850135,0.000117151114086,0.0362672692981,0.000133821398591,2012-06-03 23:01:58.174176,37673tle4
10.87387337,-38.1482891992,-0.470798271067,0.649040232801,0.000251967308075,0.0410095001057,1.68694699082e-05,2012-06-03 01:49:43.299840,37673tle3
11.0097973,-40.082130495,-0.439290855342,0.65396928963,0.000193465698715,0.0430477154907,4.33585920681e-05,2012-06-02 22:33:59.472287,37673tle2
12.0292275,-45.2266697896,-0.489361374487,0.702336496672,0.000175170740651,0.0485326027368,7.04762864115e-05,2012-06-01 22:06:00.703007,37673tle1
12.30107555,-45.336749197,-0.490653503993,0.690611139406,0.000174944267705,0.0486473476997,7.04088981503e-05,2012-06-01 15:34:33.031488,37673tle0
0.27184564,-0.482718186454,0.108354693585,0.0361051344576,-0.000115874988455,0.000497875179945,6.56344743464e-05,2012-06-12 22:20:07.881791,37673tle21
1.08738379999,-1.22104197933,0.0235284369742,0.100795853054,-2.54537472509e-05,0.00129785085219,2.6199156604e-05,2012-06-12 02:45:45.384768,37673tle20
1.29126876999,-1.99419155407,0.158740813601,0.126038321506,-0.000170691615707,0.00209155048131,6.55936947304e-05,2012-06-11 21:52:09.723360,37673tle19
2.10680794,-2.82724028441,0.0434475180879,0.18319718884,-4.82150486537e-05,0.00297207729304,2.618920675e-05,2012-06-11 02:17:47.139071,37673tle18
2.24273081,-3.31425442988,0.105625511236,0.168251871621,-0.000115304855786,0.00351450539676,3.93410655903e-05,2012-06-10 23:02:03.403103,37673tle17
3.1262318,-4.95403182082,-0.0211307828983,0.205138493462,1.74450816773e-05,0.00525813087647,2.62482560061e-05,2012-06-10 01:49:48.917567,37673tle16
3.26215497,-6.07923013902,0.0642556624969,0.247072181904,-7.64106723374e-05,0.0064596720379,1.31544283518e-05,2012-06-09 22:34:05.155679,37673tle15
4.28157966999,-9.52076626605,0.0313244983205,0.35712139697,-5.16418310254e-05,0.0101093065074,-3.91794185607e-05,2012-06-08 22:06:06.861600,37673tle14
4.55342618,-9.66693841158,0.0318555031358,0.360217638346,-5.27270909252e-05,0.0102665317531,-3.91693828685e-05,2012-06-08 15:34:39.323135,37673tle13
5.43692906,-13.015719371,-0.0309186300179,0.457565253133,4.5278365747e-07,0.013855713664,-9.14034305965e-05,2012-06-07 18:22:24.674303,37673tle12
5.77673716999,-14.3770575914,-0.138237151025,0.532053196255,0.000108567152222,0.0153402695986,-0.000130605396046,2012-06-07 10:13:05.253600,37673tle11
6.25246966,-16.615348653,-0.0940591358396,0.511564067706,4.89617393342e-05,0.0177664183991,-7.79217293532e-05,2012-06-06 22:48:01.966463,37673tle10
6.86412591999,-19.162198288,-0.194884203068,0.572462685472,0.000140713496729,0.0205599772424,-0.000103855284326,2012-06-06 08:07:14.865600,37673tle9
7.27189659999,-21.4826478561,-0.181845547066,0.541126290288,0.000110492437493,0.0230262762249,-1.17966312125e-05,2012-06-05 22:20:03.478848,37673tle8
8.08743888999,-23.7443155038,-0.290897634303,0.451842959474,0.000209360069408,0.0255470463656,8.00833581358e-05,2012-06-05 02:45:40.624992,37673tle7
8.29132487999,-26.046857102,-0.149709882907,0.457209144387,3.90465288249e-05,0.0279030445984,0.000119652397174,2012-06-04 21:52:04.875456,37673tle6
9.10686801,-28.3468971476,-0.211328241309,0.488908880432,8.38037446146e-05,0.0303796898596,0.000119928878072,2012-06-04 02:17:41.949023,37673tle5
9.24279132999,-29.7814606308,-0.144706172491,0.50053492478,-1.48112905714e-06,0.0319054210287,0.000120079506365,2012-06-03 23:01:58.174176,37673tle4
10.12629682,-33.8706373302,-0.319677720291,0.649896689319,0.000141835256211,0.0363877943948,2.8586901037e-06,2012-06-03 01:49:43.299840,37673tle3
10.26222075,-35.6920883131,-0.285202953624,0.65705520694,8.40342554434e-05,0.0383074648145,2.93393703036e-05,2012-06-02 22:33:59.472287,37673tle2
11.28165095,-40.5758799829,-0.329509617458,0.707621852069,7.0056045512e-05,0.0435120824605,5.6374464687e-05,2012-06-01 22:06:00.703007,37673tle1
11.553499,-40.6807261684,-0.330577494187,0.69589533211,6.98161660944e-05,0.0436211941154,5.6322761967e-05,2012-06-01 15:34:33.031488,37673tle0
0.815538159988,-0.690537136022,-0.0848939671803,0.0634911795313,9.06681451486e-05,0.000747329515785,-3.94062954106e-05,2012-06-12 02:45:45.384768,37673tle20
1.01942312999,-1.39919494797,0.0508747205801,0.0899194333951,-5.49391469877e-05,0.00147421038588,-2.45620012488e-09,2012-06-11 21:52:09.723360,37673tle19
1.8349623,-2.1879181292,-0.0641479959345,0.145879640759,6.74774981744e-05,0.00230528864417,-3.93843599505e-05,2012-06-11 02:17:47.139071,37673tle18
1.97088517,-2.63435489699,-0.00222262495572,0.131326961956,8.3494791051e-07,0.00280528524204,-2.62429919703e-05,2012-06-10 23:02:03.403103,37673tle17
2.85438616,-4.19893669227,-0.128572649839,0.167809987053,0.000133669494466,0.00446619362232,-3.93296929294e-05,2012-06-10 01:49:48.917567,37673tle16
2.99030933,-5.26124453647,-0.0429778691961,0.209340055048,4.00211523221e-05,0.00560179864694,-5.2410800842e-05,2012-06-09 22:34:05.155679,37673tle15
4.00973402999,-8.56858473952,-0.0748090658435,0.317790906265,6.49643478113e-05,0.00910712395597,-0.000104719925718,2012-06-08 22:06:06.861600,37673tle14
4.28158054,-8.70825843684,-0.0742600631323,0.320886743078,6.3926720268e-05,0.00925739716271,-0.000104709656524,2012-06-08 15:34:39.323135,37673tle13
5.16508342,-11.9394446903,-0.136402692527,0.416637365609,0.000117965826889,0.0127195758192,-0.000156929773029,2012-06-07 18:22:24.674303,37673tle12
5.50489152999,-13.259130004,-0.243799134984,0.489928642463,0.000226829618577,0.0141577096986,-0.000196114103551,2012-06-07 10:13:05.253600,37673tle11
5.98062402,-15.4189675026,-0.199519523791,0.471034102172,0.000168335619055,0.0165006115452,-0.000143455358792,2012-06-06 22:48:01.966463,37673tle10
6.59228027999,-17.8957707116,-0.300665432771,0.531137270139,0.000261830643003,0.0192174900292,-0.000169388048446,2012-06-06 08:07:14.865600,37673tle9
7.00005095999,-20.1497884146,-0.28674404399,0.50259839499,0.000232035065847,0.0216129288941,-7.73534117806e-05,2012-06-05 22:20:03.478848,37673tle8
7.81559324999,-22.3568781571,-0.39659501642,0.416115366619,0.000333129637157,0.0240734681616,1.44819620662e-05,2012-06-05 02:45:40.624992,37673tle7
8.01947923999,-24.5965314443,-0.253168524186,0.422686120913,0.000161901204761,0.0263646152282,5.40429728631e-05,2012-06-04 21:52:04.875456,37673tle6
8.83502237,-26.8436538987,-0.314286339,0.454392879633,0.000207632015184,0.028783647028,5.43152612238e-05,2012-06-04 02:17:41.949023,37673tle5
8.97094568999,-28.2402130331,-0.247065938296,0.466022954864,0.000122723703422,0.0302698860098,5.44608545764e-05,2012-06-03 23:01:58.174176,37673tle4
9.85445117999,-32.2438631882,-0.422187271517,0.611800549498,0.000269082505641,0.0346579268383,-6.27537960527e-05,2012-06-03 01:49:43.299840,37673tle3
9.99037511,-34.0243505457,-0.386650983409,0.619764644108,0.000211504673803,0.0365344372988,-3.62803339112e-05,2012-06-02 22:33:59.472287,37673tle2
11.00980531,-38.8133270735,-0.428885534894,0.671150138337,0.000199002388071,0.0416371314995,-9.26045996491e-06,2012-06-01 22:06:00.703007,37673tle1
11.28165336,-38.9162684805,-0.429870420575,0.659424070498,0.000198753593569,0.0417441935161,-9.31679406361e-06,2012-06-01 15:34:33.031488,37673tle0
0.20388497,-0.515704280255,0.137067072846,0.0300423450189,-0.000146574026093,0.000526684974731,3.93729614915e-05,2012-06-11 21:52:09.723360,37673tle19
1.01942414001,-1.17090941478,0.0228623952957,0.08230180926,-2.46041576173e-05,0.00120915594924,-5.74876877086e-08,2012-06-11 02:17:47.139071,37673tle18
1.15534701001,-1.49594543139,0.0839069788171,0.0689392900511,-8.99531058216e-05,0.00158202809136,1.3088248909e-05,2012-06-10 23:02:03.403103,37673tle17
2.03884800001,-2.83434876202,-0.0413314895405,0.104134637532,4.27212387561e-05,0.00299450416448,-4.54535811269e-08,2012-06-10 01:49:48.917567,37673tle16
2.17477117001,-3.70836523869,0.0445803315986,0.144394153781,-5.03715191059e-05,0.00393249588374,-1.31762270813e-05,2012-06-09 22:34:05.155679,37673tle15
3.19419587,-6.61290438852,0.0154687745781,0.247839723118,-2.54377595085e-05,0.00700480732304,-6.5628840628e-05,2012-06-08 22:06:06.861600,37673tle14
3.46604238001,-6.73308795407,0.0160474730769,0.250929914378,-2.63592039135e-05,0.00713422801935,-6.56237496715e-05,2012-06-08 15:34:39.323135,37673tle13
4.34954526001,-9.61124634061,-0.044664139375,0.341681930012,2.95971173162e-05,0.0102152971212,-0.000117989967714,2012-06-07 18:22:24.674303,37673tle12
4.68935337,-10.8055735787,-0.152322464219,0.411262229703,0.000140269647542,0.0115139771255,-0.000157272784694,2012-06-07 10:13:05.253600,37673tle11
5.16508586001,-12.7303442023,-0.108126296159,0.397188460119,8.47073383902e-05,0.0136072985809,-0.000104631566649,2012-06-06 22:48:01.966463,37673tle10
5.77674212,-14.9967531805,-0.210393999284,0.454774232381,0.000182709919832,0.0160940276709,-0.000130674407541,2012-06-06 08:07:14.865600,37673tle9
6.1845128,-17.0515178563,-0.194279674567,0.434740688797,0.000153847440235,0.0182769186173,-3.86350365326e-05,2012-06-05 22:20:03.478848,37673tle8
7.00005509,-19.0946611746,-0.306563617993,0.356771849434,0.000260861087593,0.020556678009,5.32795853835e-05,2012-06-05 02:45:40.624992,37673tle7
7.20394108,-21.1460482391,-0.157235443162,0.366965328653,8.69337269915e-05,0.02265347429,9.28099766216e-05,2012-06-04 21:52:04.875456,37673tle6
8.01948421001,-23.2342168858,-0.21713807135,0.398622177028,0.000135079322399,0.0248995781152,9.3015548084e-05,2012-06-04 02:17:41.949023,37673tle5
8.15540753,-24.5170635643,-0.148490454397,0.410220769055,5.11627327798e-05,0.0262674956631,9.31274326119e-05,2012-06-03 23:01:58.174176,37673tle4
9.03891302,-28.2636936439,-0.324328267488,0.544883483351,0.000205484924365,0.0303723433016,-2.43579450547e-05,2012-06-03 01:49:43.299840,37673tle3
9.17483695001,-29.9214093718,-0.286039848863,0.555261126784,0.000148379899825,0.032119439872,2.08508339819e-06,2012-06-02 22:33:59.472287,37673tle2
10.19426715,-34.4257996083,-0.322903092362,0.609005506886,0.000139484826152,0.0369163141716,2.8974579382e-05,2012-06-01 22:06:00.703007,37673tle1
10.4661152,-34.5230163856,-0.323662094499,0.597277431942,0.000139197793529,0.0370172227323,2.89319827091e-05,2012-06-01 15:34:33.031488,37673tle0
0.815539170012,-0.621941289978,-0.113935239729,0.0513584863021,0.000121825721251,0.00064537328155,-3.94138906557e-05,2012-06-11 02:17:47.139071,37673tle18
0.951462040012,-0.916573982213,-0.0531369543339,0.0382889447697,5.68408877143e-05,0.000986439047805,-2.62747260401e-05,2012-06-10 23:02:03.403103,37673tle17
1.83496303001,-2.19855925427,-0.178009692125,0.0731779283771,0.00018945688808,0.00233686550761,-3.94026350362e-05,2012-06-10 01:49:48.917567,37673tle16
1.97088620001,-3.0254074474,-0.0920267875714,0.113131909801,9.65534184571e-05,0.00322540713139,-5.25231344202e-05,2012-06-09 22:34:05.155679,37673tle15
2.9903109,-5.82925227724,-0.120352488552,0.215371404071,0.000121530347022,0.00618946354503,-0.000104956230744,2012-06-08 22:06:06.861600,37673tle14
3.26215741001,-5.94456292347,-0.119764137842,0.218460965513,0.000120641328316,0.00631367080756,-0.000104950831862,2012-06-08 15:34:39.323135,37673tle13
4.14566029001,-8.73452617023,-0.180024162834,0.308008421981,0.000177130297601,0.00929948883613,-0.00015730569176,2012-06-07 18:22:24.674303,37673tle12
4.4854684,-9.89764284159,-0.287692333025,0.37668862059,0.000288261005912,0.0105633663943,-0.000196575310483,2012-06-07 10:13:05.253600,37673tle11
4.96120089001,-11.76361236,-0.243502437746,0.363806232931,0.000233512093085,0.0125942748547,-0.00014395013704,2012-06-06 22:48:01.966463,37673tle10
5.57285715,-13.9775658191,-0.34598983642,0.420790683495,0.000332701443217,0.0150235340951,-0.000169991620515,2012-06-06 08:07:14.865600,37673tle9
5.98062783,-15.9824828548,-0.329273674125,0.402850874652,0.000304121065631,0.0171532687886,-7.79674937601e-05,2012-06-05 22:20:03.478848,37673tle8
6.79617012,-17.9848127106,-0.442124125438,0.32697823878,0.000412685144572,0.0193879159711,1.39159494198e-05,2012-06-05 02:45:40.624992,37673tle7
7.00005611,-19.988899987,-0.291269073651,0.338070754572,0.000238129571651,0.0214360080581,5.34414183068e-05,2012-06-04 21:52:04.875456,37673tle6
7.81559924001,-22.0373941427,-0.350801554754,0.369728785894,0.00028692051413,0.0236389083931,5.36443079066e-05,2012-06-04 02:17:41.949023,37673tle5
7.95152256,-23.2917272226,-0.281786872063,0.381327698909,0.00020330410956,0.0249772030817,5.37526602518e-05,2012-06-03 23:01:58.174176,37673tle4
8.83502805,-26.9743341381,-0.457700866384,0.513295221502,0.000359711941594,0.0290113614009,-6.37286315977e-05,2012-06-03 01:49:43.299840,37673tle3
8.97095198001,-28.6012891212,-0.418683261855,0.524273793059,0.000302766041128,0.0307260695177,-3.72904383292e-05,2012-06-02 22:33:59.472287,37673tle2
9.99038218001,-33.0345321255,-0.454066785184,0.578623960003,0.000294870528181,0.0354464828941,-1.04115790197e-05,2012-06-01 22:06:00.703007,37673tle1
10.26223023,-33.1303161966,-0.454765040503,0.566896043666,0.000294574610636,0.0355458521254,-1.04576382911e-05,2012-06-01 15:34:33.031488,37673tle0
0.13592287,-0.173355679474,0.0597044863635,-0.0118784607972,-6.35961537953e-05,0.000214003339722,1.31454144222e-05,2012-06-10 23:02:03.403103,37673tle17
1.01942386,-1.22905292015,-0.0639102163406,0.0217240575437,6.8331083998e-05,0.00131595499925,-1.94863377607e-08,2012-06-10 01:49:48.917567,37673tle16
1.15534703,-1.86762793151,0.0220327271675,0.0604088137117,-2.39404008809e-05,0.00200688803785,-1.318144987e-05,2012-06-09 22:34:05.155679,37673tle15
2.17477172999,-4.26848868215,-0.00390869057742,0.157645409306,5.06748627297e-07,0.00453784316333,-6.57338186143e-05,2012-06-08 22:06:06.861600,37673tle14
2.44661824,-4.36431265721,-0.00331210373063,0.16072944917,-2.86308922509e-07,0.00464119999477,-6.57328353273e-05,2012-06-08 15:34:39.323135,37673tle13
3.33012112,-6.80123574737,-0.0624202867918,0.245280285078,5.74947072369e-05,0.00724591276892,-0.000118209384865,2012-06-07 18:22:24.674303,37673tle12
3.66992922999,-7.83907535573,-0.170256375279,0.310250010856,0.000169955299663,0.00837039022882,-0.000157564279084,2012-06-07 10:13:05.253600,37673tle11
4.14566172,-9.47013260524,-0.126585667538,0.302190051038,0.000117913821046,0.0101517979678,-0.000104955624637,2012-06-06 22:48:01.966463,37673tle10
4.75731797999,-11.4739593958,-0.23028390957,0.356658175316,0.000220973288559,0.0123510582825,-0.000131091469169,2012-06-06 08:07:14.865600,37673tle9
5.16508865999,-13.2795405624,-0.211751627863,0.347225134091,0.000193027295045,0.0142682016316,-3.90714591903e-05,2012-06-05 22:20:03.478848,37673tle8
5.98063094999,-15.1183403214,-0.327067008392,0.279867747593,0.000306884133395,0.0163222954473,5.28806279775e-05,2012-06-05 02:45:40.624992,37673tle7
6.18451693999,-16.9337057393,-0.171034619328,0.29458447144,0.000129690481527,0.0181757881226,9.2374941828e-05,2012-06-04 21:52:04.875456,37673tle6
7.00006007,-18.8232829424,-0.229535624588,0.326193445483,0.000180404840921,0.02020578487,9.25186661861e-05,2012-06-04 02:17:41.949023,37673tle5
7.13598338999,-19.9638822596,-0.159494176261,0.337761675317,9.77396560051e-05,0.0214257418007,9.25981866401e-05,2012-06-03 23:01:58.174176,37673tle4
8.01948887999,-23.3898764767,-0.336286982818,0.458615208462,0.000261048923509,0.0251769311174,-2.51129756499e-05,2012-06-03 01:49:43.299840,37673tle3
8.15541281,-24.8939298633,-0.294898559046,0.472008166347,0.00020440737342,0.0267621546851,1.29479580813e-06,2012-06-02 22:33:59.472287,37673tle2
9.17484301,-29.0424485376,-0.325555444361,0.528718845135,0.000199331999095,0.031176677658,2.80525164285e-05,2012-06-01 22:06:00.703007,37673tle1
9.44669105999,-29.1324927421,-0.326041552396,0.516988966175,0.00019898163076,0.0312698856005,2.80205167751e-05,2012-06-01 15:34:33.031488,37673tle0
0.88350099,-1.01806218112,-0.123364402069,0.0333950166485,0.000131780917486,0.00106057869225,-1.31548916998e-05,2012-06-10 01:49:48.917567,37673tle16
1.01942416,-1.62519807641,-0.0374457317451,0.0718746572045,3.96364386975e-05,0.00171854573881,-2.6306337378e-05,2012-06-09 22:34:05.155679,37673tle15
2.03884885999,-3.95889769891,-0.0629592620757,0.168301381986,6.39846518544e-05,0.00417731670908,-7.88328491902e-05,2012-06-08 22:06:06.861600,37673tle14
2.31069537,-4.05147367945,-0.0623614328491,0.171384764893,6.32081177822e-05,0.00427719828126,-7.88310858123e-05,2012-06-08 15:34:39.323135,37673tle13
3.19419825,-6.42959602334,-0.121254212694,0.255126715617,0.000121198334586,0.00681841171667,-0.000131286841365,2012-06-07 18:22:24.674303,37673tle12
3.53400635999,-7.44663843401,-0.229097007104,0.319493602981,0.000233866316077,0.00791969720924,-0.000170627356547,2012-06-07 10:13:05.253600,37673tle11
4.00973885,-9.03852276311,-0.185528858616,0.312224386679,0.000182301442687,0.00965950949858,-0.00011801937237,2012-06-06 22:48:01.966463,37673tle10
4.62139510999,-11.0074207746,-0.289418372672,0.366286882131,0.000286011004208,0.0118204825175,-0.000144143127323,2012-06-06 08:07:14.865600,37673tle9
5.02916578999,-12.7797569441,-0.270575784841,0.358245869816,0.000258173977795,0.0137021806868,-5.21225735094e-05,2012-06-05 22:20:03.478848,37673tle8
5.84470807999,-14.5914137448,-0.386300212167,0.292281617445,0.000372927310458,0.0157262379484,3.98199535971e-05,2012-06-05 02:45:40.624992,37673tle7
6.04859406999,-16.3751749542,-0.229400372354,0.307594546368,0.000195298543178,0.0175472186066,7.93203224032e-05,2012-06-04 21:52:04.875456,37673tle6
6.8641372,-18.2383067599,-0.287713477224,0.339200155632,0.000246330355445,0.0195484173818,7.94723805322e-05,2012-06-04 02:17:41.949023,37673tle5
7.00006051999,-19.359896142,-0.217511883685,0.350766505006,0.000163840530989,0.0207486227728,7.9555494152e-05,2012-06-03 23:01:58.174176,37673tle4
7.88356600999,-22.743271097,-0.394432394393,0.469815498265,0.000328305745356,0.0244527248292,-3.81347492026e-05,2012-06-03 01:49:43.299840,37673tle3
8.01948994,-24.2267970661,-0.352644534143,0.483606184919,0.000271719025851,0.0260163439196,-1.17223121691e-05,2012-06-02 22:33:59.472287,37673tle2
9.03892014,-28.3278603368,-0.382484435544,0.540712291295,0.000267113664654,0.030379880985,1.50500476934e-05,2012-06-01 22:06:00.703007,37673tle1
9.31076818999,-28.4169468019,-0.382933651195,0.528982334994,0.000266753328284,0.0304720613872,1.50161954412e-05,2012-06-01 15:34:33.031488,37673tle0
0.13592317,-0.402998606538,0.0855611609889,0.037123892905,-9.12899216702e-05,0.000443797618011,-1.3139126275e-05,2012-06-09 22:34:05.155679,37673tle15
1.15534786999,-2.29999028095,0.0625366413479,0.128203711594,-6.78863561496e-05,0.00243330050715,-6.56484855759e-05,2012-06-08 22:06:06.861600,37673tle14
1.42719438,-2.37145788447,0.0631293333455,0.131281603663,-6.85696176668e-05,0.00251059526664,-6.56466992631e-05,2012-06-08 15:34:39.323135,37673tle13
2.31069726,-4.36723393088,0.00540786525667,0.209683072642,-9.62992501044e-06,0.00463900483987,-0.000118103939375,2012-06-07 18:22:24.674303,37673tle12
2.65050536999,-5.2488860825,-0.102441363384,0.270080518353,0.00010407098443,0.00558944743815,-0.000157441949714,2012-06-07 10:13:05.253600,37673tle11
3.12623786,-6.58634398942,-0.0597923768076,0.26798225911,5.53912322165e-05,0.007058996663,-0.000104854661784,2012-06-06 22:48:01.966463,37673tle10
3.73789411999,-8.32811703205,-0.164980018803,0.319357877617,0.000162840360548,0.00897107283016,-0.000130994675173,2012-06-06 08:07:14.865600,37673tle9
4.14566479999,-9.88436720629,-0.144407960943,0.320433668395,0.000135506428583,0.010622386899,-3.89874047402e-05,2012-06-05 22:20:03.478848,37673tle8
4.96120708999,-11.5195632584,-0.262779199074,0.263594924144,0.000255569275478,0.0124512083197,5.29414699329e-05,2012-06-05 02:45:40.624992,37673tle7
5.16509307999,-13.0980250944,-0.100807513613,0.282796897369,7.51969438495e-05,0.0140609199303,9.24338418964e-05,2012-06-04 21:52:04.875456,37673tle6
5.98063621,-14.7891561333,-0.158060249656,0.314357314695,0.000127943844982,0.0158748874625,9.25729339858e-05,2012-06-04 02:17:41.949023,37673tle5
6.11655952999,-15.7873452836,-0.0870821590954,0.325895712747,4.65354679667e-05,0.0169467906593,9.26461784406e-05,2012-06-03 23:01:58.174176,37673tle4
7.00006501999,-18.8935319921,-0.264952855345,0.433055867507,0.000217699689889,0.0203447618923,-2.51028984189e-05,2012-06-03 01:49:43.299840,37673tle3
7.13598895,-20.2436693497,-0.220863673306,0.449438138537,0.000161352834457,0.0217679733783,1.29930932328e-06,2012-06-02 22:33:59.472287,37673tle2
8.15541915,-24.0361639355,-0.245937205594,0.509088095166,0.000159243815507,0.0258000583892,2.80331151101e-05,2012-06-01 22:06:00.703007,37673tle1
8.42726719999,-24.119016136,-0.246161428532,0.497356443917,0.000158810154922,0.0258855554893,2.79992212499e-05,2012-06-01 15:34:33.031488,37673tle0
1.01942469999,-1.8297496593,-0.0226268410943,0.0902102807553,2.33405259709e-05,0.00191728282344,-5.2603449054e-05,2012-06-08 22:06:06.861600,37673tle14
1.29127121,-1.89797123141,-0.0220330248577,0.0932872309986,2.26726588587e-05,0.00199110375045,-5.26049808752e-05,2012-06-08 15:34:39.323135,37673tle13
2.17477409,-3.83482144728,-0.079523312243,0.170820190154,8.18059378241e-05,0.00405595274584,-0.000105147465485,2012-06-07 18:22:24.674303,37673tle12
2.51458219999,-4.69545698269,-0.18732420499,0.230572927117,0.000195660514856,0.00498308506123,-0.000144547415683,2012-06-07 10:13:05.253600,37673tle11
2.99031469,-5.99386543522,-0.144766393452,0.229312652226,0.000147434008518,0.00641111171549,-9.19685218e-05,2012-06-06 22:48:01.966463,37673tle10
3.60197094999,-7.7005323722,-0.250050795844,0.280250813553,0.000255442357816,0.0082848071052,-0.000118169195995,2012-06-06 08:07:14.865600,37673tle9
4.00974162999,-9.22357345085,-0.229195268263,0.28280476282,0.000228244319289,0.00990070213451,-2.61737920221e-05,2012-06-05 22:20:03.478848,37673tle8
4.82528391999,-10.8314477104,-0.347844578023,0.227446008763,0.000349076079025,0.0116993919537,6.57985680036e-05,2012-06-05 02:45:40.624992,37673tle7
5.02916990999,-12.3785865242,-0.185160520477,0.24727669508,0.000168428148877,0.0132767543993,0.000105262767051,2012-06-04 21:52:04.875456,37673tle6
5.84471304,-14.0431625284,-0.242196093463,0.278828127042,0.000221470736781,0.0150618684017,0.0001053607853,2012-06-04 02:17:41.949023,37673tle5
5.98063635999,-15.0224987569,-0.171090001385,0.290360522499,0.000140266889294,0.0161141097999,0.000105416190835,2012-06-03 23:01:58.174176,37673tle4
6.86414184999,-18.085769542,-0.348935930817,0.395588332433,0.000312448469273,0.0194648355192,-1.24598680587e-05,2012-06-03 01:49:43.299840,37673tle3
7.00006578,-19.4154625382,-0.304491184089,0.412389499915,0.000256203991256,0.0208664932425,1.3917713891e-05,2012-06-02 22:33:59.472287,37673tle2
8.01949598,-23.1604529682,-0.328762403876,0.472448077243,0.000254606543308,0.0248475770249,4.05682611883e-05,2012-06-01 22:06:00.703007,37673tle1
8.29134402999,-23.2423449215,-0.328952786531,0.460716022824,0.000254166750652,0.0249320455616,4.05453379071e-05,2012-06-01 15:34:33.031488,37673tle0
0.271846510012,-0.0438707226777,0.000570946671979,0.00307053426597,-5.74904914536e-07,4.77623284698e-05,-7.76965399749e-10,2012-06-08 15:34:39.323135,37673tle13
1.15534939001,-1.53951240353,-0.0556779047993,0.0744448330487,5.90895986131e-05,0.00163628757509,-5.25311433684e-05,2012-06-07 18:22:24.674303,37673tle12
1.4951575,-2.24399811666,-0.163243376704,0.129621496964,0.000173594791527,0.00238941165617,-9.19173249585e-05,2012-06-07 10:13:05.253600,37673tle11
1.97088999001,-3.24906756091,-0.122153204635,0.134316186031,0.00012858058895,0.0035057218432,-3.93644940278e-05,2012-06-06 22:48:01.966463,37673tle10
2.58254625,-4.69399583087,-0.228841213386,0.182153083937,0.000240239255152,0.0050924063168,-6.55772476347e-05,2012-06-06 08:07:14.865600,37673tle9
2.99031693,-5.96760170594,-0.206324952223,0.195207440859,0.000213413138461,0.00644242216728,2.63956587665e-05,2012-06-05 22:20:03.478848,37673tle8
3.80585922,-7.37239615771,-0.327873940602,0.150359091588,0.000339690727521,0.00801612082049,0.000118332022571,2012-06-05 02:45:40.624992,37673tle7
4.00974521,-8.68208754337,-0.160169438532,0.174664992261,0.00015616998203,0.00934941803196,0.000157782252588,2012-06-04 21:52:04.875456,37673tle6
4.82528834001,-10.1482316421,-0.216050266484,0.206158472201,0.000210710487285,0.0109185148214,0.000157864376983,2012-06-04 02:17:41.949023,37673tle5
4.96121166,-10.9851823169,-0.144483844227,0.217654808722,0.000130821706554,0.011822715582,0.000157906465014,2012-06-03 23:01:58.174176,37673tle4
5.84471715,-13.7291179263,-0.323307558647,0.309171892086,0.000309608218615,0.0148204752032,3.99793438046e-05,2012-06-03 01:49:43.299840,37673tle3
5.98064108001,-14.9047410851,-0.276593193061,0.328954092147,0.000253566322622,0.0160600420034,6.63404261869e-05,2012-06-02 22:33:59.472287,37673tle2
7.00007128001,-18.2934977981,-0.295875141804,0.391929155476,0.000254179923825,0.0196585833407,9.29383826048e-05,2012-06-01 22:06:00.703007,37673tle1
7.27191933,-18.3681753842,-0.295817493126,0.380194818364,0.000253642403448,0.019735329604,9.29129930194e-05,2012-06-01 15:34:33.031488,37673tle0
0.88350288,-1.37788245842,-0.0560250047379,0.0696968863246,5.9646747926e-05,0.00146146177444,-5.25809078007e-05,2012-06-07 18:22:24.674303,37673tle12
1.22331098999,-2.04055325227,-0.163529092116,0.123625667316,0.000174201321543,0.00216810319397,-9.20070040864e-05,2012-06-07 10:13:05.253600,37673tle11
1.69904348,-2.96750725825,-0.12291692566,0.129949431109,0.000129934236466,0.00320134606176,-3.94612082744e-05,2012-06-06 22:48:01.966463,37673tle10
2.31069973999,-4.34250758847,-0.23001460091,0.176942974092,0.00024234274037,0.0047114384977,-6.57119326823e-05,2012-06-06 08:07:14.865600,37673tle9
2.71847041999,-5.54962180011,-0.207190186729,0.192867808163,0.000215522084315,0.00599056750078,2.6247538875e-05,2012-06-05 22:20:03.478848,37673tle8
3.53401270999,-6.90013791948,-0.329513566359,0.150892358901,0.000343000368023,0.00750421646019,0.000118215509084,2012-06-05 02:45:40.624992,37673tle7
3.73789869999,-8.14671423325,-0.160729553027,0.176423918408,0.00015874496541,0.00877252650595,0.000157645602044,2012-06-04 21:52:04.875456,37673tle6
4.55344183,-9.55985521612,-0.216398010064,0.207904944068,0.000213523274311,0.0102839804701,0.000157701722765,2012-06-04 02:17:41.949023,37673tle5
4.68936514999,-10.3589627488,-0.144818818546,0.219393705094,0.000133939406084,0.0111487662063,0.000157733596294,2012-06-03 23:01:58.174176,37673tle4
5.57287063999,-13.0175209503,-0.323996664384,0.307173268022,0.00031409350635,0.014052305534,3.97269493859e-05,2012-06-03 01:49:43.299840,37673tle3
5.70879457,-14.1521190483,-0.276820752204,0.327772341997,0.000258041162892,0.0152486783938,6.60704579025e-05,2012-06-02 22:33:59.472287,37673tle2
6.72822477,-17.4458316138,-0.295073478651,0.391551543563,0.000258962499599,0.0187451910042,9.26117843316e-05,2012-06-01 22:06:00.703007,37673tle1
7.00007281999,-17.5185825474,-0.294958338698,0.379816734757,0.000258395221231,0.0188198766596,9.25958350087e-05,2012-06-01 15:34:33.031488,37673tle0
0.339808109988,-0.527289881428,-0.107079722076,0.0499588350702,0.000114570681777,0.000555825203127,-3.94172002185e-05,2012-06-07 10:13:05.253600,37673tle11
0.8155406,-1.20028794144,-0.0681296323691,0.061453938719,7.29396253958e-05,0.00131905814934,1.31149927362e-05,2012-06-06 22:48:01.966463,37673tle10
1.42719685999,-2.34865295824,-0.176380008838,0.105758286924,0.000187787123686,0.00258053501213,-1.31432809605e-05,2012-06-06 08:07:14.865600,37673tle9
1.83496753999,-3.33951267775,-0.152490233315,0.130798276293,0.000161052251286,0.00362919663499,7.88015573124e-05,2012-06-05 22:20:03.478848,37673tle8
2.65050982999,-4.51441248047,-0.277197771014,0.0979455807286,0.000292483160358,0.004948074689,0.000170750321396,2012-06-05 02:45:40.624992,37673tle7
2.85439581999,-5.5548351725,-0.104957435536,0.127363427785,0.000106018514315,0.00600465312005,0.000210169801514,2012-06-04 21:52:04.875456,37673tle6
3.66993895,-6.7959721773,-0.159755928633,0.158795538599,0.000161557960647,0.00732888711334,0.000210214015654,2012-06-04 02:17:41.949023,37673tle5
3.80586226999,-7.47175877702,-0.0882316021479,0.170254380846,8.31432956424e-05,0.00806540646976,0.000210236761293,2012-06-03 23:01:58.174176,37673tle4
4.68936775999,-9.85385565218,-0.268239818319,0.24613688271,0.000267749741032,0.010663222667,9.21913210789e-05,2012-06-03 01:49:43.299840,37673tle3
4.82529169,-10.8548240623,-0.21953684267,0.26932421888,0.00021175685953,0.011719059845,0.00011852140118,2012-06-02 22:33:59.472287,37673tle2
5.84472189,-13.8395994718,-0.234148797138,0.335636401923,0.000213779530605,0.0148839375829,0.000145019950921,2012-06-01 22:06:00.703007,37673tle1
6.11656993999,-13.9060776963,-0.23383536516,0.323899641772,0.000213112511799,0.0149519201738,0.00014500395596,2012-06-01 15:34:33.031488,37673tle0
0.475732490012,-0.575425452175,0.0382767457064,0.0135157777466,-4.06579316162e-05,0.000659440354378,5.25172296792e-05,2012-06-06 22:48:01.966463,37673tle10
1.08738875,-1.63651969432,-0.0703688791889,0.0567681358285,7.49887297495e-05,0.00182524490318,2.62230060093e-05,2012-06-06 08:07:14.865600,37673tle9
1.49515943,-2.54422214238,-0.0461334415693,0.0853689745853,4.8266826324e-05,0.00278527771414,0.000118140707971,2012-06-05 22:20:03.478848,37673tle8
2.31070172,-3.65148709946,-0.171681375776,0.0560798968215,0.000181050236662,0.00402919973222,0.000210100461301,2012-06-05 02:45:40.624992,37673tle7
2.51458771,-4.61277902375,0.00169717045804,0.0870144771767,-6.15697760192e-06,0.00500442963386,0.000249491325576,2012-06-04 21:52:04.875456,37673tle6
3.33013084001,-5.78768464037,-0.0527796575238,0.118425614561,4.95944519801e-05,0.00625661890879,0.00024950547522,2012-06-04 02:17:41.949023,37673tle5
3.46605416,-6.41615076647,0.018654359326,0.129871574169,-2.83630534983e-05,0.0069438649798,0.000249514643256,2012-06-03 23:01:58.174176,37673tle4
4.34955965,-8.69174007488,-0.161614050068,0.201101382522,0.000157717077479,0.00942400699439,0.000131397443856,2012-06-03 01:49:43.299840,37673tle3
4.48548358001,-9.64135964655,-0.112405527263,0.225298318437,0.000101749235551,0.0104258192065,0.00015770243678,2012-06-02 22:33:59.472287,37673tle2
5.50491378001,-12.5072640696,-0.125734375819,0.2925948952,0.000104100157565,0.0134631255025,0.000184128349217,2012-06-01 22:06:00.703007,37673tle1
5.77676183,-12.5713264566,-0.125349185409,0.28085723559,0.000103394855357,0.0135285284524,0.000184120428175,2012-06-01 15:34:33.031488,37673tle0
0.611656259988,-0.939269069152,-0.109233702912,0.0418304345875,0.000116667258109,0.00103205488741,-2.62662060473e-05,2012-06-06 08:07:14.865600,37673tle9
1.01942693999,-1.73046470189,-0.0845685142537,0.0753007819348,8.98979528592e-05,0.00186795541198,6.56689126245e-05,2012-06-05 22:20:03.478848,37673tle8
1.83496922999,-2.74347675272,-0.211359236255,0.0508867264781,0.000224507501264,0.00300717362123,0.000157606115323,2012-06-05 02:45:40.624992,37673tle7
2.03885521999,-3.59340836834,-0.0364789848642,0.0839045608007,3.62248636328e-05,0.00386819344419,0.000197017950732,2012-06-04 21:52:04.875456,37673tle6
2.85439835,-4.67574045192,-0.0905322080312,0.115302503763,9.21506556938e-05,0.00501959950613,0.00019705048256,2012-06-04 02:17:41.949023,37673tle5
2.99032166999,-5.23776045615,-0.0193300431398,0.126739863468,1.48531637847e-05,0.00563775077089,0.000197066153594,2012-06-03 23:01:58.174176,37673tle4
3.87382715999,-7.36481069131,-0.200045078315,0.191652007827,0.000202791079876,0.00795345739345,7.89820872246e-05,2012-06-03 01:49:43.299840,37673tle3
4.00975109,-8.24237413519,-0.15019690187,0.217239414759,0.000146802350758,0.00887953866253,0.000105300194771,2012-06-02 22:33:59.472287,37673tle2
5.02918129,-10.9418445699,-0.161844107209,0.285917725351,0.000149371577204,0.011738227979,0.00013175831584,2012-06-01 22:06:00.703007,37673tle1
5.30102933999,-11.0025197739,-0.161357789225,0.274179736756,0.000148604183445,0.0118000164447,0.000131743429642,2012-06-01 15:34:33.031488,37673tle0
0.40777068,-0.641433082185,0.0251442263912,0.0398126651188,-2.68314895794e-05,0.00067632411842,9.19197791025e-05,2012-06-05 22:20:03.478848,37673tle8
1.22331297,-1.5330985767,-0.103090481392,0.0217459007928,0.000109888143523,0.00168083919817,0.000183856937685,2012-06-05 02:45:40.624992,37673tle7
1.42719896,-2.24013349492,0.073443788064,0.0574699258824,-7.9575706824e-05,0.00239517376915,0.000223254101888,2012-06-04 21:52:04.875456,37673tle6
2.24274209001,-3.20331382868,0.0199432918062,0.0888372245879,-2.35207499699e-05,0.00341693703205,0.00022327134125,2012-06-04 02:17:41.949023,37673tle5
2.37866541,-3.68008949653,0.0907576131356,0.100255976803,-9.9940632358e-05,0.00394635466757,0.000223279445282,2012-06-03 23:01:58.174176,37673tle4
3.2621709,-5.61585308834,-0.0903827905694,0.156900708848,9.00654050136e-05,0.00605048540505,0.00010515637102,2012-06-03 01:49:43.299840,37673tle3
3.39809483001,-6.40085615763,-0.0398190316632,0.184290756385,3.40785107608e-05,0.0068792469292,0.000131458988819,2012-06-02 22:33:59.472287,37673tle2
4.41752503001,-8.88626223757,-0.0494281776453,0.25473770499,3.68484939315e-05,0.00950825433421,0.000157871146339,2012-06-01 22:06:00.703007,37673tle1
4.68937308,-8.94257738216,-0.0488178244157,0.242998508913,3.60031014217e-05,0.00956539324887,0.00015786055649,2012-06-01 15:34:33.031488,37673tle0
0.81554229,-0.810733858672,-0.129134816092,-0.0137919829829,0.000137984318777,0.000914699417198,9.19369991097e-05,2012-06-05 02:45:40.624992,37673tle7
1.01942828,-1.42258179759,0.0483389238228,0.023758327444,-5.21731199619e-05,0.00153128339212,0.000131311079205,2012-06-04 21:52:04.875456,37673tle6
1.83497141001,-2.30627738832,-0.00480299793248,0.055118630688,3.89149240003e-06,0.00246659459413,0.000131303596324,2012-06-04 02:17:41.949023,37673tle5
1.97089473,-2.72629728944,0.0656877498025,0.0665312355086,-7.19317506722e-05,0.00293689517188,0.000131302641533,2012-06-03 23:01:58.174176,37673tle4
2.85440022,-4.53444191188,-0.11569112742,0.11765237351,0.000119233116221,0.00489993175041,1.31306314241e-05,2012-06-03 01:49:43.299840,37673tle3
2.99032415001,-5.25776101278,-0.0647236067148,0.146263698152,6.32461856335e-05,0.00566382619462,3.94107347142e-05,2012-06-02 22:33:59.472287,37673tle2
4.00975435001,-7.60041333656,-0.0730825438762,0.217933427654,6.60472677249e-05,0.00813969329628,6.5759183904e-05,2012-06-01 22:06:00.703007,37673tle1
4.2816024,-7.65381872071,-0.0723932464627,0.206194216958,6.51490935216e-05,0.0081937308892,6.57558504295e-05,2012-06-01 15:34:33.031488,37673tle0
0.20388599,-0.421003002141,0.179025601947,0.0411536425548,-0.000191396909295,0.000420806686313,3.93748939153e-05,2012-06-04 21:52:04.875456,37673tle6
1.01942912001,-1.1458056256,0.126577617943,0.072484626525,-0.000135540631363,0.00118326034122,3.93667601999e-05,2012-06-04 02:17:41.949023,37673tle5
1.15535244,-1.45222935146,0.196225296122,0.0838779019485,-0.000210110995021,0.00153527137054,3.93660048649e-05,2012-06-03 23:01:58.174176,37673tle4
2.03885793,-3.00557924359,0.014383918168,0.124039321062,-1.7160892179e-05,0.00321637769398,-7.88098317419e-05,2012-06-03 01:49:43.299840,37673tle3
2.17478186001,-3.60539516022,0.0659854677468,0.155055728148,-7.31919051959e-05,0.00385045743968,-5.25342439089e-05,2012-06-02 22:33:59.472287,37673tle2
3.19421206001,-5.66245747759,0.0598569706235,0.229109004377,-7.07185930984e-05,0.0060199963241,-2.62006173607e-05,2012-06-01 22:06:00.703007,37673tle1
3.46606011,-5.71003263253,0.0606993033012,0.217368987441,-7.17319385343e-05,0.00606782550833,-2.62022028707e-05,2012-06-01 15:34:33.031488,37673tle0
0.815543130012,-0.685100475439,-0.0522480995802,0.0313248762422,5.57863716396e-05,0.000719248786696,-4.15283245393e-09,2012-06-04 02:17:41.949023,37673tle5
0.95146645,-0.963100711819,0.0171594429725,0.042713045459,-1.84408940069e-05,0.00104167634912,-3.58449347787e-09,2012-06-03 23:01:58.174176,37673tle4
1.83497194,-2.45286448649,-0.164729936869,0.0801674828209,0.000174907650802,0.00265235334099,-0.000118180222371,2012-06-03 01:49:43.299840,37673tle3
1.97089587001,-3.02177039823,-0.112982181049,0.111779035759,0.000118882904137,0.00325396272608,-9.19005341038e-05,2012-06-02 22:33:59.472287,37673tle2
2.99032607001,-5.00741718589,-0.118527147215,0.186424895466,0.000121276502147,0.0053469093374,-6.55627845926e-05,2012-06-01 22:06:00.703007,37673tle1
3.26217412,-5.05353240954,-0.117645742476,0.174684750666,0.000120234120005,0.00539318516001,-6.55675924421e-05,2012-06-01 15:34:33.031488,37673tle0
0.135923319988,-0.16452859655,0.0683216741638,0.0113626217061,-7.28544172423e-05,0.000204198135434,-1.54756719899e-09,2012-06-03 23:01:58.174176,37673tle4
1.01942880999,-1.39956507836,-0.113782321802,0.0378349689216,0.000121522836458,0.00153300590299,-0.000118189293878,2012-06-03 01:49:43.299840,37673tle3
1.15535274,-1.84493431577,-0.0616391685063,0.0718418159321,6.54817125377e-05,0.00200477914572,-9.19175219841e-05,2012-06-02 22:33:59.472287,37673tle2
2.17478294,-3.54482998151,-0.0652539603521,0.148841219343,6.71890576421e-05,0.00379131817652,-6.56061255193e-05,2012-06-01 22:06:00.703007,37673tle1
2.44663098999,-3.58509982315,-0.0642290195023,0.137099580235,6.60263967008e-05,0.0038313776851,-6.560945184e-05,2012-06-01 15:34:33.031488,37673tle0
0.88350549,-1.19226200176,-0.182095327974,0.02454369908,0.00019451177948,0.00128165971915,-0.000118214182853,2012-06-03 01:49:43.299840,37673tle3
1.01942942001,-1.61713256735,-0.129900684384,0.0589715806477,0.00013848370098,0.00173184462945,-9.19770562572e-05,2012-06-02 22:33:59.472287,37673tle2
2.03885962001,-3.26938619005,-0.133217337772,0.136385139089,0.000140112822494,0.00346731183062,-6.57458332093e-05,2012-06-01 22:06:00.703007,37673tle1
2.31070767,-3.30868256124,-0.132171130618,0.124643251785,0.000138933205885,0.00350633582992,-6.57377351489e-05,2012-06-01 15:34:33.031488,37673tle0
0.135923930012,-0.291006380166,0.0524380755803,0.037016229185,-5.59529871012e-05,0.000309514260633,2.6231180144e-05,2012-06-02 22:33:59.472287,37673tle2
1.15535413001,-1.6335302592,0.0510996487813,0.116956225543,-5.52253308282e-05,0.0017129562018,5.24473876558e-05,2012-06-01 22:06:00.703007,37673tle1
1.42720218,-1.66647855379,0.0522960565895,0.105212207227,-5.6535772543e-05,0.00174523784297,5.24561486216e-05,2012-06-01 15:34:33.031488,37673tle0
1.0194302,-1.29485930887,-0.00102347107749,0.0803331589159,5.85962269314e-07,0.00135235390893,2.62218142592e-05,2012-06-01 22:06:00.703007,37673tle1
1.29127824999,-1.32682941113,0.000196332966785,0.0685890122626,-7.44753385045e-07,0.00138359741477,2.62284695418e-05,2012-06-01 15:34:33.031488,37673tle0
0.271848049988,-0.0246260092891,0.00138293128259,-0.0117458441339,-1.48445245996e-06,2.34534328516e-05,5.27882863473e-09,2012-06-01 15:34:33.031488,37673tle0
