1.51260678 0.0373602910223 -2.68751787155 0.0129206999065
2.53236804999 0.0709687582226 -1.44858545822 0.0119448734905
3.55169653 0.100878099783 -0.885183252185 0.0227120635408
4.63641141 0.141531731534 -1.29217801368 0.02770888169
5.98096587 0.211908930282 -0.569891318701 0.0333310402125
6.99989262999 0.242690833817 -0.00845691051933 0.0164874346534
8.51250681 0.316154672043 -6.68818550185 0.00743672426577
9.5232529 0.36418106613 -9.44661627815 -0.0221103449291
10.55162766 0.420523341617 -9.92960775453 -0.0493880744082
11.57124269 0.452083233974 -12.5862461994 -0.0635375705982
12.98067283 0.570074607142 -15.1375791752 -0.0771277723296
13.99984169 0.599070923177 -11.3177679733 -0.0988142832271
15.15184732 0.656946574004 -7.83589746863 -0.0825570899578
1.01976126999 -0.0528982865538 -1.50457744019 0.0197145481003
2.03908975 -0.0952305299127 -1.14384066031 0.0460688172119
3.12380463 -0.134462369482 -0.916682543783 0.0595084519536
4.46835909 -0.200512543462 0.0941373724383 0.072378422934
5.48728584999 -0.233635317139 0.737517200032 0.0706381110321
6.99990003 -0.270379345176 -3.89849448754 0.0608696744899
8.01064612 -0.29774975971 -5.9405206107 0.0532355605486
9.03902088 -0.336197042571 -6.39649058704 0.0434271704187
10.05863591 -0.35630431952 -8.34872500653 0.0389529979327
11.46806605 -0.402759889798 -10.1797210713 0.0339614763772
12.48723491 -0.421737577684 -7.04251959165 0.037161509907
13.63924054 -0.4452056377 -4.29871861682 0.0395415627207
1.01932848001 -0.0392648928186 -6.18790546162 0.0283429031227
2.10404336001 -0.0831977838405 -5.90448465068 0.0427525176035
3.44859782001 -0.154672341675 -4.88936963374 0.0565819036185
4.46752458 -0.189798925235 -4.23786994885 0.0542308036181
5.98013876001 -0.236610827647 -7.66543624376 0.0433729694589
6.99088485001 -0.269358045703 -9.29153966937 0.0343042368841
8.01925961001 -0.312539659978 -9.74410790356 0.023067740094
9.03887464 -0.336584522836 -11.2988939607 0.0178147901314
10.44830478 -0.394241035086 -12.8008293632 0.0120380630012
11.46747364 -0.413581695764 -10.0948791251 0.0148685499632
12.61947927 -0.439997989148 -7.84065655963 0.0179802311094
1.08471488 -0.0417996022784 -6.40171948014 0.0155968859774
2.42926934 -0.116701362105 -5.51808773085 0.0305979376081
3.44819609999 -0.153092922358 -4.89275105369 0.0270309288428
4.96081028 -0.204289850269 -7.20626615581 0.0148027138048
5.97155637 -0.239314613004 -8.43864553213 0.0032442398489
6.99993113 -0.284727038087 -8.86702532727 -0.010402334267
8.01954615999 -0.310329380082 -10.0661276087 -0.0169282485668
9.4289763 -0.373364831937 -11.2610294819 -0.0239675568267
10.44814516 -0.393888172276 -8.95360119941 -0.0223160779602
11.60015079 -0.422584426383 -7.13572939849 -0.0179018039715
1.34455446 -0.0626681523533 -3.0709079828 0.0162132827117
2.36348121999 -0.0949884183777 -2.49767169795 0.00863179404168
3.8760954 -0.134846796949 -3.70691147962 -0.00560604395319
4.88684149 -0.161361349647 -4.53069954169 -0.0241657851727
5.91521625 -0.197048563039 -4.89383961244 -0.0442446956874
6.93483127999 -0.216763661505 -5.74992830357 -0.0541054008614
8.34426142 -0.258177713408 -6.61935378354 -0.0643469168318
9.36343028 -0.276041847875 -4.69361100098 -0.067967410007
10.51543591 -0.295601300733 -3.27299018451 -0.0596779101741
1.01892675999 0.0034999898413 -6.96135274612 -0.0107302145279
2.53154094 0.0642825089127 -6.99130563617 -0.012956688315
3.54228703 0.104327653457 -7.37629462389 -0.0300649911227
4.57066179 0.146399531777 -7.65835322591 -0.0453468677989
5.59027681999 0.173178237523 -8.17549896517 -0.053156497575
6.99970696 0.276093951507 -8.79492293382 -0.060484536084
8.01887582 0.291411398378 -7.2989547548 -0.0761894990005
9.17088145 0.336039661615 -6.34096612381 -0.066438640716
1.51261418001 0.0518601264693 -4.60919769456 -0.00029992518563
2.52336027001 0.091952653349 -4.67857290532 -0.0143580848323
3.55173503001 0.133807961085 -4.87073489534 -0.0265470003569
4.57135006 0.160524108708 -5.17567134252 -0.0327863604333
5.98078020001 0.26304580581 -5.56552626149 -0.0385188717656
6.99994906001 0.277145616727 -4.35988551173 -0.0531075059756
8.15195469001 0.320918480527 -3.65985460658 -0.0448485923274
1.01074609 -0.0402534312681 -6.05376716644 -0.0231245004071
2.03912085 -0.0952675336788 -6.11392416584 -0.048071584985
3.05873587999 -0.128675221841 -6.20372273808 -0.0604296688839
4.46816602 -0.21740082343 -6.27637930527 -0.0732996980783
5.48733488 -0.240944839432 -5.46273009176 -0.0771915713233
6.63934051 -0.278746974625 -5.03476673924 -0.0668387113287
1.02837476 -0.017168762312 -2.77446524196 -0.0246272374702
2.04798978999 -0.0270927156327 -2.72596625664 -0.0369397461329
3.45741993 -0.0305064935198 -2.56205207259 -0.049256670678
4.47658879 -0.0401692097139 -1.93633425847 -0.061486910845
5.62859442 -0.0407294436855 -1.60993814363 -0.0491925460669
1.01961502999 -0.0314392700537 -6.00878483203 -0.0144907973195
2.42904517 -0.132568228338 -5.80628829867 -0.0295324049253
3.44821403 -0.15683907635 -5.39381113992 -0.0352244029743
4.60021966 -0.199020808188 -5.18714189042 -0.0227860373505
1.40943014001 -0.106430904558 -0.210311016133 -0.0161510625554
2.42859900001 -0.131122339611 0.0482140386032 -0.0227492340691
3.58060463001 -0.175488328485 0.22079690234 -0.00926192173018
1.01916886 0.00205381332204 -2.14969512551 -0.00856577246534
2.17117449 0.0334536376306 -1.90317344835 -0.00649095499303
1.15200563 0.0291515376876 -0.515784351199 0.00064937125776
