2013-10-31 15:44:23 -1.75706577 1.86481441 2.1328024 -0.00111050757 0.00212676659 -0.00301954572
2013-11-01 16:11:40 -1.68641644 1.77422322 2.00975181 -0.00105021778 0.00197456008 -0.00286548517
2013-11-03 02:01:34 1.58064261 -3.00069164 2.09645615 -0.00157404112 0.00134489251 0.00281167289
2013-11-04 02:29:49 0.68224231 -1.88871689 1.68620242 -0.0010762124 0.00110616407 0.0012386735
2013-11-05 02:57:41 1.27647185 -2.4831008 2.30479971 -0.00156874157 0.00145067817 0.00201792224
2013-11-06 03:26:11 1.08370013 -1.91920149 1.45868104 -0.00087130796 0.0009331167 0.00144856643
2013-11-07 15:44:19 -1.93727468 1.61228337 1.74491391 -0.00108671198 0.00167959674 -0.00298587125
2013-11-08 16:11:44 -1.61558021 1.36779204 1.79070499 -0.00123810722 0.00153226681 -0.00252502319
2013-11-10 02:01:28 2.07353876 -2.65249582 2.16170458 -0.0016941438 0.00126360527 0.00286264202
2013-11-11 02:29:43 1.59902577 -2.1408525 1.99788974 -0.00142996497 0.00120119871 0.00210765459
2013-11-12 02:57:37 1.91477039 -2.3788544 2.38828951 -0.00172159961 0.0013920998 0.00240575655
2013-11-13 03:26:02 0.48275608 -0.79882709 0.31139866 0.00021114923 0.00031102597 0.00015986959
2013-11-14 14:09:34 -2.5842282 1.79753203 1.24383745 -0.00081774913 0.00153805191 -0.00379629235
2013-11-15 14:36:27 -2.57426921 1.69522996 1.52704474 -0.00108408132 0.00166207389 -0.00366655076
2013-11-17 02:14:58 0.593171999 -0.776677461 0.51351409 -9.25157499996e-05 0.00063972912 0.000705457977
2013-11-18 02:29:32 2.05002601 -2.41507361 2.43234211 -0.00210600723 0.0011066135 0.00263006948
2013-11-19 02:57:22 1.88442715 -2.20352633 2.49593873 -0.00206002134 0.00113246543 0.00219695703
2013-11-20 03:25:48 1.60681493 -1.71250577 1.5270472 -0.00114210382 0.00071051533 0.00159971561
2013-11-21 12:36:03 -0.31580876 0.32957957 -0.0445944799999 0.00022972339 0.00054299337 -0.00098856404
2013-11-22 14:36:12 -1.86268326 0.96976489 0.69548092 -0.0005882856 0.00092186657 -0.00266019075
2013-11-23 15:02:43 -2.24523171 1.03892813 1.34711066 -0.00126015727 0.00122839571 -0.00300608774
2013-11-24 20:07:01 0.38930397 -0.0547736400001 0.39204008 0.00011679096 0.00013142525 0.00032689851
2013-11-26 01:16:29 2.70836784 -2.04893375 2.08562038 -0.00192367563 0.000580237248 0.00294238646
2013-11-27 03:25:30 2.52485168 -1.80012252 2.61469209 -0.00226012961 0.00106503817 0.00245146195
2013-11-28 20:13:28 2.27351784 -1.363284 2.81675171 -0.00241415105 0.00102404588 0.00249516122
2013-11-30 13:16:57 -0.03031113 -0.1932825873 0.45527159 -0.00079129445 0.00069723879 -0.00025060786
2013-12-01 13:44:44 -1.1333394 -0.1009508689 2.377595 -0.00261278428 0.00149663806 -0.0013632883
2013-12-02 15:57:18 -2.44420409 0.685431387 1.63542456 -0.00150612015 0.00116463593 -0.00296426638
2013-12-03 16:23:23 -2.31931545 0.474686271 2.39135612 -0.00234407415 0.00135140387 -0.00273363582
2013-12-05 02:14:47 1.98491159 -1.37999868 1.57892666 -0.00146718025 0.000302279332 0.00173222426
2013-12-06 02:42:37 2.59859429 -1.55655642 2.42799229 -0.00226703369 0.000446046765 0.00232715308
2013-12-07 03:11:05 1.25212163 -0.79992088 0.68189501 -0.00033111234 0.000274106978 0.00069455486
2013-12-08 12:20:53 -0.913220820001 0.20350903 0.96909646 -0.00106061542 0.00078825059 -0.00156732308
2013-12-09 12:47:36 -2.89093707 0.541823623 1.31438063 -0.00141545954 0.00105538991 -0.0036367777
2013-12-10 16:23:44 -1.751435 0.312289948 2.1312132 -0.00223425273 0.00070213258 -0.00211965987
2013-12-12 02:14:57 1.05151405 -0.63101256 0.209365879999 3.85857100005e-05 0.000220523053 0.00055605973
2013-12-12 13:29:01 0.0712923000001 -0.15187162 -0.56571923745 0.000461880834 -0.00041985847 0.00042620696
2013-12-13 02:56:45 0.596029284 -0.538102838 2.81079019 -0.00269109643 0.00090799246 0.000346135319
2013-12-14 03:11:13 2.52533546 -0.92993518 1.33773002 -0.0010928567 0.000182115993 0.00199825724
2013-12-15 12:19:30 -2.74569063 0.103742769 2.03089182 -0.00227765764 0.0012021824 -0.00345081053
2013-12-16 12:47:43 -2.45123288 0.167249145 1.04272703 -0.00122662463 0.00102139062 -0.00312476797
2013-12-17 17:54:01 0.36166713 0.0540409490001 0.43535922 -0.00019076423 0.000236442245 0.00027913086
2013-12-19 02:15:01 0.7764716 -0.606339429 -0.0740157600003 0.000313858939999 8.2164515e-05 0.00012806375
2013-12-20 04:24:50 1.5866387 -0.552467436 1.72585362 -0.00146850233 0.000257568738 0.00105752483
2013-12-21 13:17:19 -0.81256611 -0.559073136 2.75347851 -0.00343016373 0.000438508019 -0.00111394903
2013-12-22 15:30:16 -2.34018902 -0.161277668 1.44883699 -0.00170079358 0.000456812385 -0.00278344576
2013-12-23 15:57:38 -2.76639254 -0.187188443 1.89391271 -0.00206508823 0.000382649036 -0.0031910982
2013-12-25 12:05:02 0.0381691400007 0.083295928 0.55744942 -0.00081159051 0.00031506888 -0.00046326467
2013-12-26 15:43:56 -0.88324767 0.1082198 0.27740854 -0.00034794075 0.000171746705 -0.00120963753
2013-12-27 16:11:32 -2.75579663 -0.35520926 2.25999998 -0.00246925407 0.000203273815 -0.00315425029
2013-12-29 02:01:07 1.75618979 -0.4064717752 0.79282515 -0.00065541769 3.11372999984e-06 0.00112847695
2013-12-30 02:29:21 2.84130343 -0.467411928 2.34122726 -0.00223814988 -0.00042266738 0.00223787073
