2013-11-15 14:36:27 0.550149760625 3.39344822951 -0.11990235732 0.00410894263641 -0.000671101047099 -0.000218014208531
2013-11-17 02:14:58 -0.936291918612 0.532015465329 0.243093823952 0.000417280234582 0.000640930381676 -0.000574951232678
2013-11-18 02:29:32 -0.14918839808 3.94895576681 0.578762902363 0.00354263811486 7.73371774555e-06 -0.000163648212774
2013-11-19 02:57:22 0.0954352790257 3.78763660737 0.530099191286 0.00319883285617 -0.000289993135964 -0.000190153628515
2013-11-20 03:25:48 -0.397656663271 2.73846922478 0.434808999074 0.00207146766989 0.000118347951885 -0.000251671725833
2013-11-21 12:36:03 0.171981207718 0.406226570365 -0.125494905163 0.00104211581706 -0.000207433888946 -0.000442537345881
2013-11-22 14:36:12 0.655995211169 2.11147490032 -0.0712081969017 0.00275919917269 -0.000796421302121 -0.000158321765404
2013-11-23 15:02:43 0.587719978871 2.75359766503 -0.0861936583293 0.00340891547328 -0.000710132166226 -9.23226330047e-05
2013-11-24 20:07:01 -0.273385534862 0.450410915402 -0.175052888116 2.64143099279e-05 0.000302641013262 -0.00021327461602
2013-11-26 01:16:29 0.0936644354225 3.96156170851 0.424798824527 0.00355794295697 -0.000136185610399 -0.000131668781075
2013-11-27 03:25:30 -0.163829280996 4.04443375739 0.260091074979 0.00347418157636 -0.00013332619031 -0.000405517387219
2013-11-28 20:13:28 -0.113515901347 3.8663267009 0.0121988229639 0.0035959137499 0.000143936974652 -0.000388987430332
