-1.82523148134 3.14007964724 0.372560404739 -0.17907913091 3.07917057556 0.0148967452991 0.242615925484
-0.415578703862 3.91719234841 -0.485858854173 0.563253981044 3.05248171115 0.010371211813 0.238015959391
0.604039351922 2.55917275655 0.094662483567 0.563611992113 3.03317734877 0.00709784142838 0.234688751047
1.62339120358 3.58527409003 0.0194764521862 0.502694775338 3.01387802641 0.00382532566248 0.231362411378
2.64318287047 2.58774159858 -0.357213496481 0.401849031805 2.99457037707 0.000551397918719 0.228034636508
4.15577546274 3.02726532497 0.471060752839 -0.104794196485 2.96593255983 -0.00430461239562 0.22309875815
5.1748148147 2.7537228961 0.263331487176 -0.187738062765 2.94663915401 -0.00757612491598 0.219773438227
6.58435185207 3.95712860252 -0.469760053745 0.358779138928 2.91995248089 -0.0121012868313 0.215173849817
7.60396990739 3.31215192684 -0.201499842395 0.347481913385 2.90064811852 -0.0153746572144 0.211846641475
8.62334490754 3.85966861858 -0.157894307539 0.327487753689 2.8813483579 -0.0186472472959 0.208520226267
9.6430787039 0.874810716984 -0.342578166078 0.292393036034 2.86204180421 -0.0219209892528 0.20519264024
11.0899768518 3.33100878375 0.591827491871 -0.103000451647 2.83464777562 -0.0265660948589 0.200471135394
12.1086458336 3.3941901755 0.545553570266 -0.11990235732 2.815361382 -0.0298364183469 0.19714702406
13.593726852 0.531996372415 -0.936302767242 0.243093823952 2.7872444396 -0.0346041058127 0.192300921219
14.6038425928 3.94915013431 -0.143951530179 0.578762902363 2.76811998393 -0.0378469700718 0.189004720743
15.6231712964 3.78750587361 0.100489896855 0.530099191286 2.74882109984 -0.0411194115235 0.18567845661
16.6429166668 2.73899063938 -0.39404922827 0.434808999074 2.72951432702 -0.0443931906375 0.182350832814
18.0250347224 0.406457558647 0.171434580226 -0.125494905163 2.7033467757 -0.0488303269609 0.177840717775
19.108472222 2.1123592291 0.653141989901 -0.0712081969017 2.68283412394 -0.052308582573 0.174305254404
20.1268865741 2.75436099694 0.584132153715 -0.0861936583293 2.6635525512 -0.0555780886008 0.170981973975
21.3382060183 0.450553627992 -0.273150273088 -0.175052888116 2.6406187189 -0.0594668949755 0.167029207408
22.5531134261 3.96142537097 0.0992634223608 0.424798824527 2.61761695591 -0.0633672201081 0.16306473263
23.6427083332 4.04464639563 -0.158492856515 0.260091074979 2.59698772635 -0.0668652433924 0.159509176463
25.3426851854 3.86646448806 -0.108721573407 0.0121988229639 2.5648021751 -0.0723228300356 0.153961827497
27.0534374998 0.430897359211 -0.209535793156 0.126377850226 2.53241261272 -0.0778150101022 0.148379316141
28.0727314814 2.62949198388 0.122971354262 0.135119244778 2.51311438602 -0.0810873400827 0.145053165313
29.1647916664 2.95199994774 0.625804893944 -0.112373727301 2.49243848151 -0.0845932778676 0.141489564473
30.1829050924 3.34329772393 0.368286482799 -0.0993010619967 2.47316260619 -0.0878618178054 0.138167266023
31.5935995369 2.82561773822 -0.212428227873 0.555012089999 2.44645401996 -0.0923906954477 0.133563900772
32.6129282406 3.85063058723 0.0663314148187 0.488826101047 2.42715513587 -0.0956631368995 0.13023763664
33.6326967594 1.54460232218 -0.381607346242 0.375822158517 2.40784792478 -0.0989369903291 0.126909937306
35.0145023149 1.1930847128 -0.610531529909 -0.135411444238 2.38168629001 -0.103373123405 0.122400842015
36.0330555555 3.21847379374 -0.0386586061288 -0.136449158399 2.36240208771 -0.10664307532 0.119077108365
37.183148148 2.76042643319 0.0640616514327 -0.28820355041 2.3406274594 -0.110335319695 0.115324136703
38.593715278 1.04122579003 -0.532120959756 0.424722095382 2.31392128361 -0.114863788608 0.110721186904
39.0618171296 0.0929856923316 -0.540778233364 0.21702165782 2.30505874168 -0.116366577549 0.109193681209
39.6227430557 2.82857758581 -0.735956428062 0.0535167345595 2.29443876758 -0.118167367859 0.107363272841
40.632789352 2.89513491464 -0.686606271636 0.42235753189 2.2753156267 -0.121410009174 0.104067298975
42.0135416668 3.33492510099 -0.733799859496 -0.117955582113 2.24917393286 -0.125842760938 0.0995616406092
43.0331365741 2.66654801294 0.0167574677292 -0.114172893328 2.22987000875 -0.129116057007 0.096234507803
44.2458449076 0.348169826973 -0.428533042913 -0.135640665906 2.2069098807 -0.133009322257 0.0922772090249
45.593761574 0.61189160614 -0.51289227292 0.581862664389 2.18138986206 -0.137336658823 0.0878786996476
46.6839120369 2.37445394486 -0.293405332523 0.277660087931 2.1607501142 -0.140836465658 0.0843213305955
48.0536921294 2.90896673133 -0.255102758759 0.165243753478 2.13481615674 -0.145233992323 0.0798514766854
49.1460185186 2.70684645543 0.514689865382 -0.0984904479017 2.11413521221 -0.148740784726 0.0762870071707
50.1650231481 3.29662210917 0.608132026889 -0.193211435674 2.09484246379 -0.152012185774 0.0729618005537
52.0034953705 0.197072770476 -0.505578652521 -0.15715438263 2.06003478869 -0.157914396402 0.0669625147581
53.1555092591 0.800884850935 0.419461824642 -0.226778973778 2.03822378462 -0.161612808886 0.0632032735394
54.1746759261 3.55250189594 0.369621684582 -0.2670181334 2.01892796835 -0.164884730137 0.059877538163
55.5841087964 1.84602462297 -0.444537265203 0.522085541121 1.99224326742 -0.169409557635 0.0552782896698
56.6037152777 3.66892785152 -0.015935737862 0.558156472065 1.97293912418 -0.172682890861 0.0519511190954
