2013-10-31 15:44:23 0.226511315029 3.32224901483 -0.158155268432 0.00383217202377 -0.00042325121048 -9.66205960539e-05
2013-11-01 16:11:40 0.376436892095 3.13961728757 -0.17907913091 0.0035852051953 -0.000590134113064 -0.000104381946045
2013-11-03 02:01:34 -0.491124662023 3.9165356231 0.563253981044 0.00347614837895 0.000295952354247 -0.000143702480068
2013-11-04 02:29:49 0.0912498135543 2.55929671105 0.563611992113 0.0019463411775 -0.000322444406703 -0.000154692419367
2013-11-05 02:57:41 0.0146805057388 3.58529693549 0.502694775338 0.00292243418576 -0.000252484642284 -0.000181816853943
2013-11-06 03:26:11 -0.360610578875 2.58727039048 0.401849031805 0.00191249673569 6.6090555485e-05 -0.000257327249895
2013-11-07 15:44:19 0.474902086648 3.02666509359 -0.104794196485 0.00352717312572 -0.000686905298755 -6.80155116211e-05
2013-11-08 16:11:44 0.266748740925 2.75339397287 -0.187738062765 0.0031692739207 -0.000458648339218 4.28683072348e-05
2013-11-10 02:01:28 -0.475081368401 3.95649326783 0.358779138928 0.00353804651116 0.000277325211197 -0.000258569990914
2013-11-11 02:29:43 -0.205909395725 3.31188071852 0.347481913385 0.00279898402355 1.09952561524e-05 -0.000308955607422
2013-11-12 02:57:37 -0.16304683789 3.85945438971 0.327487753689 0.00325012318338 -5.639044642e-05 -0.000350757834718
2013-11-13 03:26:02 -0.343727333156 0.874359829169 0.292393036034 9.19406308737e-05 5.7224566574e-05 -0.000393893014061
2013-11-14 14:09:34 0.596414204921 3.3301905942 -0.103000451647 0.00411226329399 -0.000696572580481 -0.000224120871697
2013-11-15 14:36:27 0.550149760625 3.39344822951 -0.11990235732 0.00410894263641 -0.000671101047099 -0.000218014208531
2013-11-17 02:14:58 -0.936291918612 0.532015465329 0.243093823952 0.000417280234582 0.000640930381676 -0.000574951232678
2013-11-18 02:29:32 -0.14918839808 3.94895576681 0.578762902363 0.00354263811486 7.73371774555e-06 -0.000163648212774
2013-11-19 02:57:22 0.0954352790257 3.78763660737 0.530099191286 0.00319883285617 -0.000289993135964 -0.000190153628515
2013-11-20 03:25:48 -0.397656663271 2.73846922478 0.434808999074 0.00207146766989 0.000118347951885 -0.000251671725833
2013-11-21 12:36:03 0.171981207718 0.406226570365 -0.125494905163 0.00104211581706 -0.000207433888946 -0.000442537345881
2013-11-22 14:36:12 0.655995211169 2.11147490032 -0.0712081969017 0.00275919917269 -0.000796421302121 -0.000158321765404
2013-11-23 15:02:43 0.587719978871 2.75359766503 -0.0861936583293 0.00340891547328 -0.000710132166226 -9.23226330047e-05
2013-11-24 20:07:01 -0.273385534862 0.450410915402 -0.175052888116 2.64143099279e-05 0.000302641013262 -0.00021327461602
2013-11-26 01:16:29 0.0936644354225 3.96156170851 0.424798824527 0.00355794295697 -0.000136185610399 -0.000131668781075
2013-11-27 03:25:30 -0.163829280996 4.04443375739 0.260091074979 0.00347418157636 -0.00013332619031 -0.000405517387219
2013-11-28 20:13:28 -0.113515901347 3.8663267009 0.0121988229639 0.0035959137499 0.000143936974652 -0.000388987430332
2013-11-30 13:16:57 -0.209232991883 0.431044473223 0.126377850226 0.00102670984919 7.61731824918e-05 -0.000339348888645
2013-12-01 13:44:44 0.124756755733 2.62940787995 0.135119244778 0.00327294560404 -0.000301346540064 -0.000349484622164
2013-12-02 15:57:18 0.629582171011 2.9511966635 -0.112373727301 0.00340968380109 -0.000860313664865 -0.000213463584583
2013-12-03 16:23:23 0.372143227069 3.34287062609 -0.0993010619967 0.00379873773817 -0.000566318732525 -0.000206435284572
2013-12-05 02:14:47 -0.216333346277 2.82532143973 0.555012089999 0.00228634760112 -9.58912459033e-06 -0.000130821492892
2013-12-06 02:42:37 0.0609936269299 3.85071883593 0.488826101047 0.00326338847495 -0.000272510570156 -0.000173420231375
2013-12-07 03:11:05 -0.383713594701 1.54408043108 0.375822158517 0.000751661207246 0.000151520980715 -0.000281466325807
2013-12-08 12:20:53 -0.608843847473 1.19394683731 -0.135411444238 0.00192812071408 0.000620875288497 -0.000315610657207
2013-12-09 12:47:36 -0.034055339782 3.21852579338 -0.136449158399 0.0040357529316 -3.47437335517e-06 -0.000237090308878
2013-12-10 16:23:44 0.0673106792309 2.76034911935 -0.28820355041 0.00315141348315 -0.00021518975786 1.09458779085e-05
2013-12-12 02:14:57 -0.533546146935 1.0404962137 0.424722095382 0.000392337749723 0.000340441187449 -0.000299153113437
2013-12-12 13:29:01 -0.540891343506 0.0923254633281 0.21702165782 0.000469585363637 0.000519851825434 0.000283744741361
2013-12-13 02:56:45 -0.735846167395 2.82860627181 0.0535167345595 0.00278368422115 0.000339070926261 -0.000567796641347
2013-12-14 03:11:13 -0.690516656768 2.89420474275 0.42235753189 0.00220872443777 0.000485985387543 -0.000325405224179
2013-12-15 12:19:30 -0.7290369544 3.33596954154 -0.117955582113 0.00421849640649 0.000716070880947 -0.000482276605001
2013-12-16 12:47:43 0.0205595619717 2.66652140858 -0.114172893328 0.00347574018157 -7.73888277227e-05 -0.000474618591585
2013-12-17 17:54:01 -0.428405799808 0.348326381392 -0.135640665906 0.000156538451239 0.000278262683032 -0.000261295916899
2013-12-19 02:15:01 -0.513722954707 0.611194361142 0.581862664389 -0.00011555282883 0.000309936356333 -0.00011066058277
2013-12-20 04:24:50 -0.296022871124 2.37412903718 0.277660087931 0.001788821733 -5.58062041918e-06 -0.000375879207067
2013-12-21 13:17:19 -0.252981417162 2.90915198366 0.165243753478 0.003617732041 0.000150970601854 -0.000297351131997
2013-12-22 15:30:16 0.518267988438 2.70616364674 -0.0984904479017 0.0032236418739 -0.000667852828318 -0.000105130034924
2013-12-23 15:57:38 0.612388416268 3.29583408569 -0.193211435674 0.00373186874373 -0.000816641304715 -1.92370340994e-05
2013-12-25 12:05:02 -0.505298122361 0.197790945916 -0.15715438263 0.000804202042235 0.000482146033656 -0.000305542119898
2013-12-26 15:43:56 0.420505335693 0.800337447233 -0.226778973778 0.00111527483347 -0.000607344817268 -3.28172050371e-05
2013-12-27 16:11:32 0.374194438441 3.5520231464 -0.2670181334 0.00397532805389 -0.00053259399661 -3.06805599538e-05
2013-12-29 02:01:07 -0.446998571752 1.84543018443 0.522085541121 0.00125948230432 0.000235507386953 -0.000247553764187
2013-12-30 02:29:21 -0.0207719105277 3.66890365847 0.558156472065 0.00317835354892 -0.000197719875963 -0.000234528404151
